diningtable 318.56 322.16 632.79 629.19
diningtable 1.43 216.11 324.3 422.74
bowl 6.44 436.67 139.11 582.51
bowl 221.48 514.64 317.84 632.57
bowl 395.82 487.08 532.9 627.65
bowl 222.12 306.42 318.35 412.98
bowl 213.9 87.45 316.74 211.99
bowl 106.07 94.94 213.92 201.0
bowl 323.46 345.18 404.59 455.39
bowl 36.99 8.09 123.27 86.58
bowl 150.06 290.24 211.92 354.49
bowl 5.77 71.93 99.03 211.43
bowl 14.79 300 158.64 422.6
donut 552.82 193.24 618.79 250.27
bowl 146.24 506.63 222.54 583.89
diningtable 323.93 242.11 636.85 314.61
cup 152.79 289.2 212.46 352.21
bowl 206.63 218.21 280.05 260.68
diningtable 6.19 517.92 244.61 633.39
bowl 57 0 639 639