wine-glass 303.06 566.7 381.89 640.0
wine-glass 415.19 560.85 457.22 626.07
wine-glass 120.49 367.62 143.02 412.99
cup 236.97 333.21 255.65 357.06
person 396.41 286.46 480.0 439.5
person 0.82 296.07 52.34 421.81
person 96.61 294.31 163.39 376.83
person 348.98 277.41 389.18 338.48
person 296.28 289.7 342.72 336.64
bottle 173.67 380.77 199.09 475.98
bottle 255.46 324.28 270.16 360.77
wine-glass 56.16 417.78 80.64 480.11
wine-glass 53.01 403.82 78.47 436.38
wine-glass 185.76 344.17 198.38 380.9
wine-glass 351.69 345.13 362.21 357.18
wine-glass 224.72 323.33 231.73 331.79
wine-glass 450.01 561.36 480.0 639.07
wine-glass 80.35 409.3 106.73 454.71
wine-glass 344.39 349.38 351.42 367.67
fork 413.55 489.21 480.0 499.39
knife 405.75 499.54 480.0 506.23
knife 416.03 442.68 451.75 445.9
knife 22.5 423.07 52.79 426.13
person 209.84 264.72 249.83 330.56
person 397.95 249.85 422.99 289.29
person 370.25 260.84 394.48 291.31
person 33.66 265.46 101.27 409.44
person 100.71 282.72 150.41 332.72
person 419.71 247.04 445.46 282.97
person 439.91 285.11 480.0 333.21
bottle 217.4 305.7 221.7 322.77
bottle 324.58 293.33 337.33 303.47
bottle 276.59 318.21 282.84 337.17
wine-glass 374.28 451.55 410.83 544.66
cup 350.74 479.52 397.66 570.71
cup 339.37 405.37 373.37 444.65
cup 330 368.77 348.79 398.88
cup 330.98 444.57 375.07 503.46
cup 328.91 395.34 354.77 424.94
spoon 335.12 542.29 358.25 553.85
diningtable 2.19 357.26 381.37 629.04
person 144.85 307.63 192.78 351.3
wine-glass 376.71 395.01 395.36 452.68
cup 123.53 368.38 140.78 378.2
wine-glass 63 315 429 609
