stop-sign 205.79 42.65 329.26 162.38
handbag 68.54 115.34 75.55 141.57
person 256.5 111.38 342.0 253.12
person 200.55 181.09 333.0 329.26
person 335.94 72.93 364.61 178.77
person 3.55 192.38 153.82 333.0
person 378.3 188.24 470.85 332.08
person 201.73 142.7 257.6 278.54
person 465.42 9.51 493.35 44.32
person 114.33 48.44 142.36 134.96
person 109.95 167.68 198.7 329.47
person 55.85 141.32 93.71 179.99
person 7.46 106.34 44.17 283.71
backpack 361.6 230.4 402.11 303.44
backpack 389.62 141.1 429.43 174.1
person 45.73 60.18 72.7 83.72
person 57.79 83.64 114.53 179.91
person 4 1 499 332
