bowl 11.03 15.16 602.35 599.59
broccoli 157.76 465.25 298.52 570.64
broccoli 353.91 64.38 586.33 383.45
broccoli 232.59 343.98 348.13 457.72
broccoli 297.15 448.08 388.74 568.41
broccoli 36.54 45.31 293.9 313.6
broccoli 308.06 129.62 372.7 228.64
broccoli 193.91 245.95 299.81 343.59
broccoli 384.51 462.71 438.09 536.65
broccoli 66.01 394.48 180.16 459.11
broccoli 90.68 290.53 154.21 319.16
broccoli 267.28 247.34 358.96 358.32
carrot 48.71 392.5 73.3 439.19
carrot 548.71 244.73 591.74 290.88
carrot 390.6 73.05 428.34 89.12
carrot 424.57 235.53 459.45 254.95
carrot 323.27 107.09 337.32 122.84
carrot 288.68 32.37 366.02 91.62
carrot 138.98 211.87 159.76 226.56
carrot 385.03 375.11 401.13 390.81
carrot 306.18 306.43 329.65 327.55