sports-ball 243.08 158.31 250.04 165.53
sports-ball 20.24 191.81 39.47 210.4
person 511.13 180.82 567.99 294.55
person 536.21 154.1 562.82 191.79
person 456.73 150.28 468.06 182.58
tennis-racket 474.79 209.58 513.59 231.49
person 472.18 148.31 488.28 162.86
person 401.1 134.34 410.46 144.88
person 154.03 144.33 159.55 152.83
person 223.99 149.54 232.87 173.52
bench 574.04 131.17 597.57 135.19
bench 582.8 120.39 603.32 127.82
sports-ball 199.56 148.74 202.28 151.37
person 608.45 123.86 622.78 148.6
person 469.1 102.77 480.3 115.48
person 483.36 94.56 495.07 110.16
person 293.96 64.16 299.37 74.84
person 280.47 64.13 286.71 76.87
person 167.33 63.9 172.63 75.51
person 1 0 639 187
