bottle 433.25 0 494.87 64.21
bottle 481.52 2.83 500.0 77.07
cup 403.72 16.08 434.11 47.1
hot-dog 163.02 141.91 262.41 171.37
hot-dog 326.24 199.04 399.51 216.61
hot-dog 265.62 160.73 337.27 175.48
hot-dog 205.25 172.71 292.67 191.28
hot-dog 177.36 161.91 277.47 187.25
hot-dog 35.84 169.84 180.45 204.45
hot-dog 35.22 155.77 177.36 186.67
hot-dog 196.97 180.3 305.63 208.13
hot-dog 153.63 140.21 244.82 166.84
hot-dog 255.22 207.64 336.18 223.71
hot-dog 112.47 121.42 216.03 141.8
person 471.84 106.78 500.0 211.42
person 433.56 200.37 500.0 272.21
hot-dog 39.29 180.71 178.57 215.71
person 0 0 87.74 115.74
hot-dog 120.78 131.4 232.64 156.08
hot-dog 20 0 485 269
