pottedplant 210.02 219.57 261.57 300.71
tvmonitor 0 159.89 103.12 319.77
sofa 341.18 237.2 593.19 421.0
pottedplant 310.2 272.4 330.35 304.43
pottedplant 275.64 270.08 298.95 309.39
pottedplant 448.38 45.72 538.56 137.74
pottedplant 533.58 58.37 634.81 154.87
book 39.41 389.79 69.78 421.0
book 33.73 363.04 73.38 408.48
book 34.06 363.87 71.24 404.97
book 27.07 355.01 61.37 392.34
book 29.64 358.83 66.21 396.47
book 30.72 365.32 64.63 402.4
vase 230.97 267.39 257.03 301.04
pottedplant 259.18 290.88 275.27 309.06