person 165.03 0 390.47 99.99
remote 43.15 112.93 114.34 197.06
remote 315.91 118.17 396.94 181.12
remote 200.89 98.35 279.18 190.18
remote 435.76 74.68 520.63 176.38
book 62.41 54.63 66.97 88.26
book 371.36 1.58 475.04 49.82
book 170.18 36.17 190.85 96.6
book 555.11 0.18 562.89 48.13
book 394.94 59.25 402.85 92.34
book 429.69 59.45 446.77 92.98
book 195.43 38.52 209.5 95.85
book 528.23 0 536.29 46.18
book 225.14 36.58 237.24 65.76
book 402.52 60.48 412.23 92.19
book 545.15 0.57 554.94 47.71
book 19.48 56.97 28.99 88.94
book 412.75 60.83 433.22 92.79
book 0 0 639 109