tennis-racket 270.48 109.17 291.4 208.61
person 174.43 191.86 291.14 523.01
person 332.12 237.87 368.43 281.06
person 293.34 213.64 333.81 259.83
person 353.55 185.21 382.89 226.34
person 341.78 170.79 366.26 206.86
person 375.35 161.63 398.78 202.5
person 358.69 94.4 374.11 126.45
person 292.67 74.86 324.51 136.23
person 178.6 89.15 207.65 127.22
sports-ball 280.48 122.23 291.63 133.08
chair 330.61 282.13 362.96 313.48
chair 332.77 246.69 362.49 257.3
person 335.02 201.97 365.91 242.83
person 235.31 108.54 260.45 144.9
person 157.66 80.74 180.02 107.84
chair 280.42 366.04 298.68 376.19
person 290.44 260.64 340.02 315.33
person 1 0 425 389
