cup 367.8 281.17 393.71 337.83
bottle 258.04 86.52 273.05 123.01
bottle 271.09 86.93 286.53 125.17
bottle 283.86 88.62 298.7 126.21
bottle 297.12 89.71 309.0 126.68
bottle 308.32 91.6 320.0 127.69
bottle 66.07 177.68 88.3 246.74
bottle 347.75 96.31 358.38 130.77
bottle 357.99 96.84 371.06 132.28
bottle 370.71 98.53 382.27 132.45
bottle 139.12 101.57 168.05 161.56
bottle 184.65 101.61 201.55 162.27
wine-glass 341.64 282.97 359.15 338.31
wine-glass 364.5 284.59 394.14 338.03
bottle 217.18 96.67 238.28 166.49
bottle 0 93.81 19.64 149.08
person 415.04 161.51 640.0 424.93
wine-glass 324.03 288.15 344.16 338.04
bottle 6 75 480 338
