chair 67.1 283.87 220.9 480.0
sofa 456.31 302.42 640.0 473.41
laptop 24.27 246.83 145.13 320.85
book 327.5 320.92 424.76 361.88
book 378.23 381.36 389.04 424.63
book 329.47 368.2 424.57 424.41
book 266.79 327.13 288.01 371.39
book 311.77 330.47 326.1 373.44
book 228.06 322.6 239.87 374.45
book 248.22 330.08 252.21 370.85
book 277.63 406.28 324.7 421.33
backpack 519.88 302.02 609.08 403.91
bottle 11.64 261.4 34.91 326.92
chair 3.68 386.99 14.61 421.35
chair 0.48 386.06 3.44 424.94
book 0 323.28 59.22 349.21