skis 346.61 235.42 425.8 248.97
person 252.58 168.6 330.89 277.84
person 337.7 187.75 368.58 234.38
person 435.32 151.81 448.29 194.53
person 122.2 151.86 125.16 160.06
person 532.03 145.24 540.63 170.01
person 545.76 169.48 579.11 253.05
person 230.51 158.13 244.24 196.7
person 199.24 154.36 224.79 221.24
person 369.2 197.45 406.19 247.93
person 619.4 176.15 640.0 206.56
person 514.01 157.87 526.01 198.91
person 633.62 210.2 640.0 281.0
skis 324.19 226.11 351.52 232.85
skis 421.18 190.26 457.0 196.35
person 347.02 160.29 360.68 188.0
skis 520.2 250.41 556.2 261.97
skis 367.58 219.13 412.38 224.67
skis 195.1 211.78 232.71 227.32
skis 608.28 208.22 626.8 214.58
skis 524.94 164.79 547.97 171.15
person 85 133 586 200