horse 316.45 156.84 512.95 321.98
car 615.34 192.69 639.86 208.05
car 58.85 196.19 64.45 204.05
car 28.12 193.48 53.88 205.25
car 483.79 191.29 576.57 264.79
car 567.33 180.08 605.53 191.89
car 617.57 181.37 638.61 191.34
car 7.45 194.73 24.31 201.33
car 97.51 193.91 111.24 202.74
person 239 102.17 293.68 216.14
person 58.71 205.69 108.32 304.27
person 109.42 165.25 153.84 217.69
horse 328.5 144.76 537.19 215.31
person 570.04 194.34 575.5 210.3
car 569.52 186.45 593.34 200.14
person 606.78 195.11 612.55 209.85
person 574.69 193.75 582.6 210.24
car 583.88 187.37 604.69 197.02
car 66.91 192.06 92.88 202.91
car 0 198.84 13.94 208.84
car 47.67 193.78 60.52 200.66
truck 513.21 191.07 571.81 220.24
car 1 182 616 203