kite 202.58 334.94 291.3 353.61
kite 366.58 327.22 474.77 346.7
kite 512.64 323.43 624.07 342.49
kite 119.98 178.56 132.76 184.1
kite 152.5 174.39 159.14 178.47
kite 157.12 248.86 179.47 270.94
kite 340.53 229.85 349.41 233.51
kite 354.66 209.82 361.55 215.72
kite 498.77 223.53 508.32 228.66
person 224.99 298.9 267.63 346.83
person 415.09 290.61 435.51 331.98
person 185.83 283.12 192.1 302.85
person 555.62 292.46 580.36 335.29
person 162.92 284.48 170.44 302.74
person 211.85 280.38 221.52 304.68
person 150.23 282.35 155.05 301.64
person 274.28 283.61 279.32 296.09
person 135.83 281.44 143.4 299.95
person 290.56 280.85 297.07 297.11
person 194.71 282.57 569.49 302.55
person 351.09 278.42 358.49 296.12
kite 190.01 231.08 219.4 248.83
kite 161.38 146.27 170.15 150.47
kite 0 303.66 53.26 324.26
person 485.18 271.88 492.54 291.9
kite 440.11 168.08 456.74 173.76
kite 0 149 520 289
person 0 268 562 310