cell-phone 208.94 105.12 235.38 174.82
person 23.78 27.95 295.91 303.57
person 347.29 13.63 422.19 153.36
person 272.55 79.68 325.15 146.83
bench 246.24 146.91 639.39 306.4
person 319.89 88.08 348.48 152.24
person 10.1 76.77 40.25 135.61
person 230.12 91.47 264.61 144.2
person 451.75 24.48 527.15 229.86
person 596.04 55.26 639.13 162.19
person 562.3 48.38 614.18 157.05
person 516.73 44.87 569.31 157.75
person 29.96 93.8 106.44 213.44
person 335.11 70.1 358.99 112.47
chair 372.09 184.12 445.88 296.84
person 432.25 84.35 458.31 152.36
chair 0.81 179.4 38.8 260.23
chair 31.89 160.68 53.14 210.76
person 0 32 579 237
