bird 226.18 189.69 347.29 259.24
bird 104.81 124.87 180.76 182.86
bird 24.13 392.85 79.86 427.0
chair 214.88 237.83 622.59 420.57
chair 311.79 104.04 366.62 176.12
bicycle 22.59 80.12 53.72 115.36
person 189.7 58.38 267.63 168.86
person 277.74 60.71 345.61 174.87
person 394.09 81.74 423.36 123.23
person 196.91 69.5 223.82 123.42
person 340.27 67.87 377.9 136.93
person 419.08 67.76 436.9 98.68
person 331.36 38.57 369.79 97.88
chair 207.4 100.1 268.59 173.66
pottedplant 43.31 91.24 196.51 182.4
pottedplant 557.52 69.75 607.62 114.99
person 166.8 72.19 199.79 116.41
bicycle 149.95 73.35 163.22 94.59
bicycle 18.71 85.08 31.98 113.36
bicycle 13.94 94.37 22.34 115.23
backpack 204.41 61.73 213.76 67.62
person 287.08 74.65 315.85 118.96
person 255.22 70.88 298.03 172.0
person 430.49 68.13 457.75 122.65
person 68.95 53.56 93.09 104.97
backpack 511.4 139.23 638.85 217.92
chair 386.98 93.96 434.5 129.95
chair 410.96 139.64 447.32 171.37
pottedplant 0 153.72 48.71 244.01
person 610 65.44 633.29 98.71
chair 167.86 101.48 180.28 115.17
chair 166.36 176.35 206.29 229.58
chair 181.5 101.07 198.99 123.84
chair 468 114.2 640 220.18
chair 457.5 91.35 516.64 121.39
chair 195.67 98.23 212.21 130.08
chair 209.09 97.99 227.27 123.51
person 99 37 613 179
chair 122 78 635 426