bottle 191 194.29 234.44 286.98
bottle 169.48 197.44 195.45 242.17
bottle 151.12 193.5 173.65 235.0
bottle 190.52 200.13 210.3 241.2
bottle 4.06 164.59 26.24 223.41
bottle 82.59 175.5 119.78 232.92
chair 378.08 403.17 477.73 514.48
diningtable 41.71 254.58 473.17 631.83
person 221.2 94.9 357.97 307.08
fork 91.03 455.72 189.33 477.8
fork 354.97 454.14 410.04 473.69
spoon 269.18 370.57 366.65 395.77
bowl 142.38 474.61 256.0 581.03
bowl 265.91 434.83 384.64 544.55
bowl 225.26 332.79 286.93 387.66
bowl 145.95 335.58 213.03 389.24
bowl 117.84 270.08 240.22 342.12
broccoli 325.37 468.27 352.81 496.37
broccoli 270.61 443.65 299.59 477.34
broccoli 322.39 488.95 341.79 501.79
broccoli 299.5 448.89 324.64 466.79
broccoli 308.25 492.99 336.14 522.06
broccoli 271.97 470.32 289.66 498.53
bottle 28.2 177.59 47.94 215.52
bottle 127.45 196.72 150.82 235.27
book 458.57 372.34 478.0 407.51
book 429.29 323.67 476.92 374.19
bottle 44.35 182.33 73.68 230.0
bottle 211.57 100.21 228.92 131.72
broccoli 306.86 471.22 320.73 482.21
broccoli 345.04 491.47 368.27 518.97
broccoli 319.33 465.1 332.39 483.24
carrot 260.94 309.59 270.02 318.91
carrot 280.27 330.73 294.6 341.12
book 435.93 329.26 478.0 401.38