baseball-bat 355.3 110.19 371.59 231.25
baseball-glove 229.24 277.89 258.33 322.32
person 315.29 142.21 518.36 376.01
person 215.04 176.43 290.97 319.85
person 209.63 110.88 266.81 218.03
person 445.27 127.43 510.67 321.69
person 321.78 121.75 383.06 203.04
person 543.66 177.66 609.37 315.17
person 60.89 211 235.48 374.51
person 0.18 137.61 115.34 373.26
person 264.84 107.47 328.17 312.81
person 584.06 111.8 640.0 316.3
person 375.47 118.78 404.84 167.53
person 303.76 176.88 373.11 317.45
person 439.4 129.17 466.79 253.39
bench 79.87 249.13 543.12 259.05
person 57 111 442 319
