diningtable 0 125.19 217.94 203.71
hot-dog 281.42 225.41 424.31 410.27
hot-dog 84.71 242.82 284.61 399.81
person 431.68 146.14 516.51 294.33
person 360.32 117.06 450.35 225.72
person 526.14 134.4 586.66 260.47
person 106.1 194.64 180.59 267.97
person 0 201.71 127.28 456.27
person 473.02 182.15 640.0 385.41
person 498.56 297.37 636.87 480.0
person 0 330.53 61.35 474.74
chair 119.88 154.54 205.67 218.72
chair 37.83 118.38 101.27 143.81
chair 0.85 184.73 84.33 287.4
book 212.69 25.67 246.32 78.11
book 627.12 84.7 634.5 127.08
book 630.61 72.29 640.0 129.9
book 617 86.82 631.1 125.93
book 610.08 70.14 637.4 128.2
book 195.75 11.69 237.19 79.43
person 93.27 20.55 482.79 480.0
backpack 378.22 37.71 422.37 87.13
chair 2.42 89.47 54.9 152.57
chair 127.17 102.23 172.05 142.13
book 500.55 161.23 537.37 177.94
book 612.11 74.6 632.33 125.71
