diningtable 79.13 277.28 494.7 442.0
person 444.98 33.03 638.67 436.29
person 13.32 138.32 141.15 441.09
remote 473.34 200 518.86 223.05
remote 29.59 307.12 71.51 321.48
chair 120.08 208.24 177.55 305.99
chair 143.99 207.95 229.62 308.07
chair 314.49 209.4 374.96 262.71
chair 201.63 361.38 345.65 436.87
chair 275.47 387.48 389.09 442.0
remote 250.27 317.8 295.23 330.73
book 245.57 133.6 256.65 164.77
book 192.35 87.65 290.55 122.72
book 217.7 137.01 220.43 165.22
person 414.4 183.54 498.55 274.14
chair 541.54 353.38 587.36 442.0
chair 622.24 207.8 640.0 250.28
book 282.53 136.03 286.91 164.11
book 201.61 46.24 206.94 77.38
book 202.76 38.98 289.8 76.9
book 252.75 136.56 259.35 165.55
book 246.07 181.09 250.08 203.3
book 273.35 178.32 291.46 194.35
book 597.81 20.6 603.19 55.24
book 586.87 73.17 590.66 109.71
book 189.84 47.57 196.43 78.72
book 215.53 137.39 217.88 165.8
chair 260.26 255.67 394.07 390.3
chair 384.43 209.05 432.45 261.87
chair 192.48 267 265.27 304.85
chair 221.78 260.76 259.59 274.57