tie 317.43 300.47 329.91 323.3
person 261.94 245.51 395.7 353.68
person 97.19 292.04 171.93 379.5
person 230.19 285.9 257.28 352.99
person 253.1 290.25 271.49 319.72
car 210.13 286.96 233.66 301.59
car 195.39 289.46 211.21 300.97
banana 292.09 447.79 371.04 535.79
banana 131.97 501.62 241.75 584.26
banana 160.22 408.94 236.38 512.61
banana 237.45 350.26 311.51 413.55
banana 121.3 527.89 176.34 639.08
banana 347.38 413.97 403.06 457.02
banana 0 569.32 124.16 640.0
banana 239.49 485.63 357.96 559.67
banana 235.96 532.52 293.6 633.9
banana 48.9 525.79 148.11 631.33
banana 121.81 450.44 185.98 523.72
banana 148.28 430.3 190.99 494.92
person 25.19 321.87 126.6 569.77
car 203.63 285.89 213.21 291.3
banana 328.29 529.91 428.0 640.0
person 0 248.42 36.5 561.47
banana 68 329 427 639