bottle 238.84 242.9 251.85 301.24
motorbike 396.9 186.18 445.66 228.15
motorbike 444.04 193.32 480.0 264.12
bottle 227.09 179.43 237.06 197.55
chair 52.7 215.79 92.32 295.07
chair 20.22 287.06 151.28 356.63
chair 76.85 195.02 104.36 247.6
chair 88.67 179.8 116.18 220.56
wine-glass 265.38 298.14 287.48 333.99
wine-glass 230.53 257.59 254.15 305.09
cup 222.83 229.42 232.59 246.42
knife 175.73 301.84 222.23 307.6
knife 294.59 259.25 309.62 268.48
person 330.7 209.75 411.2 299.96
person 285.19 170.98 336.71 237.87
person 265.34 154.67 297.1 223.04
person 83.11 161.58 180.51 290.26
person 71.04 202.06 214.16 358.96
person 250.8 234.38 408.35 360.0
person 145.13 161.24 181.69 226.51
person 186.34 146 239.87 199.04
person 365.4 223.2 480.0 360.0
umbrella 0 0.81 477.3 110.45
umbrella 91.64 53.67 478.68 152.21
bottle 277.95 262.33 292.0 307.28
wine-glass 211.83 211.38 224.69 237.35
chair 247.55 145.62 279.1 188.49
pottedplant 353.38 173.11 413.55 223.29
person 114.61 143.64 169.91 200.56
person 308.35 166.67 350.17 192.92
bottle 246.36 278.74 261.94 326.81
bottle 221.52 191.11 226.65 201.91
sandwich 177.56 278.98 204.13 291.74
chair 215.64 141.85 239.33 175.1
chair 239.22 138.78 256.87 146.45
diningtable 226.31 230.91 260.95 264.13
diningtable 169.05 187.81 312.71 360.0
bowl 207.98 321.72 226.35 334.19
