clock 472.34 43.75 577.49 142.12
backpack 351.8 293.19 372.67 334.76
handbag 90.33 328.7 114.93 368.74
person 178.74 259.92 238.52 478.62
person 252.91 272.39 306.49 441.79
person 302.01 271.34 328.8 342.6
person 404.16 278.23 431.9 349.42
person 449.91 273.19 495.11 392.5
person 525.3 277.21 571.69 414.01
backpack 337.02 287.61 345.0 313.29
clock 451.08 53.64 460.68 162.68
person 342.3 266.38 363.87 359.92
person 1 268.76 63.22 423.86
person 217.26 263 262.59 409.28
person 98.59 272.28 151.27 434.7
person 41.95 268.27 72.94 325.73
person 363.08 267.5 431.98 467.1
person 354.74 273.8 376.67 399.08
person 1 253 639 479