bench 1.44 398.38 159.64 444.4
baseball-bat 199.76 110.38 281.64 192.73
person 115.06 182.65 304.9 595.42
person 237.59 99.85 267.3 132.54
person 174.98 105.13 201.04 132.1
person 134.17 113.24 162.58 145.5
person 90.97 107.28 121.71 159.52
person 71.92 120.05 102.86 163.12
person 65.29 64.77 86.06 100.24
person 17.38 21.85 59.29 71.29
person 152.07 29.85 173.74 53.18
person 253.11 366.92 310.08 436.41
person 286.33 133.94 306.36 161.82
person 306.71 211.02 332.47 251.81
baseball-glove 171.39 198.51 202.55 232.38
person 318.53 236.39 352.11 283.46
person 0 0 427 451
