bottle 9.29 7.23 202.32 474.84
person 198.03 135.17 482.15 360.11
person 508.63 178.73 577.88 276.26
person 559.82 160.45 640.0 303.24
person 509.4 161.94 523.34 187.67
person 0 125.95 46.49 334.94
cup 484.99 311.47 559.0 421.77
cake 218.97 319.28 407.73 436.85
person 286.55 145.74 300.79 188.87
person 132.67 1.08 240.54 327.91
chair 583.07 293.33 640.0 399.98
chair 527.13 271.23 589.94 307.81
diningtable 452.76 242.53 531.53 311.21
diningtable 1.08 334.38 640.0 474.61
diningtable 185.68 325.77 481.11 478.04
person 260.49 168.74 281.43 186.74
person 507.06 178.31 542.27 214.46
knife 265.69 283.29 289.09 342.26
chair 568.11 192.79 598.47 221.63
teddy-bear 294.42 0 503.35 256.04
person 475.92 126.9 509.22 193.5
