car 200.67 161.93 402.34 327.51
car 459.72 170.29 498.88 198.88
truck 2.14 145.34 150.2 264.33
traffic-light 136.94 20.8 155.1 58.43
traffic-light 315.3 110.63 331.49 138.42
person 262.69 184.45 282.1 198.44
traffic-light 331.41 111.95 338.75 132.5
traffic-light 425.43 132.49 433.88 150.81
fire-hydrant 466.02 220.63 486.04 258.9
person 386.28 182.01 400.33 221.5
car 0 209.78 31.11 299.12
car 187.61 196.93 196.76 208.3
car 195.02 196.35 203.07 206.61
traffic-light 427.43 44.88 464.05 105.04
car 377.66 189.68 387.92 198.18
