wine-glass 139.67 279.84 217.64 371.08
wine-glass 83.87 336.24 206.91 424.0
wine-glass 91.66 301.32 191.58 362.02
wine-glass 558.68 276.36 602.64 336.52
wine-glass 5.11 300.54 140.23 402.75
wine-glass 601.33 280.68 635.98 309.77
wine-glass 600.24 300.9 639.97 368.54
cake 285.53 208.66 640.0 418.75
wine-glass 212.82 282.38 231.8 343.1
wine-glass 208.51 296.75 278.49 360.29
wine-glass 337 281.93 359.02 333.69
cup 139.86 279.73 217.43 368.96
cup 83.41 339.22 205.8 424.0
cup 205.09 338.43 285.87 411.09
cup 557.25 279.24 603.0 339.57
cup 602.01 299.65 639.65 346.26
cup 600.31 281.09 634.36 311.36
cup 322.68 284.14 362.33 331.49
cup 276.2 311.53 317.43 379.82
diningtable 0 392.83 252.2 418.16
wine-glass 317.96 282.97 339.47 317.44
wine-glass 9.85 278.15 98.77 424.0
