train 566.72 62.89 640.0 413.26
person 152.33 224.85 181.87 263.59
person 216.31 228.67 239.05 259.24
person 296.07 215.74 307.9 262.85
person 312.92 210.24 332.92 250.24
person 337.55 207.21 348.74 237.11
person 372.01 202.67 378.72 233.69
person 387.06 205.45 393.28 228.41
person 272.55 217.47 286.47 260.98
chair 603.59 229.47 640.0 372.15
person 212.91 221.92 224.13 255.29
person 251.94 234.35 267.71 275.35
person 196.23 222.03 210.57 247.84
chair 599.07 202.16 640.0 232.35
chair 600.61 207.26 640.0 270.07
chair 589.62 201.57 622.51 268.4
person 589.91 149.08 640.0 209.25
person 258.36 218.43 274.88 244.17