pottedplant 64.3 198.03 79.37 211.61
pottedplant 60.49 116.21 80.39 218.09
tvmonitor 0 81.97 72.54 221.3
chair 142.9 164.65 277.24 301.97
sofa 511.84 203.9 640.0 351.56
book 379.26 233.15 383.91 254.54
book 374.65 234.15 378.33 254.49
book 375.12 201.01 379.7 228.73
book 355.83 230.02 362.8 254.44
book 362.41 201.62 367.55 229.13
book 359.78 203.9 362.7 229.07
book 371.38 200.65 375.59 229.32
book 332.17 198.25 383.58 229.68
book 310.83 201.98 315.29 229.29
book 304.77 203.24 308.25 229.52
book 361.91 231.85 365.07 254.9
book 370.27 230.03 372.83 254.15
book 364.37 173.98 368.24 197.2
book 271 169 383 256