chair 120.77 358.19 182.71 434.58
chair 63.53 338.04 114.3 396.9
sofa 314.84 235.35 640.0 460.39
sofa 73.45 250.86 294.83 385.34
diningtable 0 354.21 195.6 471.12
pottedplant 91.52 242.73 121.05 266.24
pottedplant 120.7 232.89 151.35 265.71
cup 341.58 370.03 359.8 395.57
book 262.15 392.13 314.31 417.19
remote 369.19 373.1 404.95 391.09
remote 361.95 373.34 389.82 387.47
vase 282.87 270.2 320.64 348.92
vase 250.38 265.69 284.26 287.42
vase 97.52 253.48 119.78 267.02
vase 127.41 254.51 149.36 265.16
pottedplant 279.59 209.07 325.77 350.92
book 366.4 413.04 418.2 439.87
book 363.98 403.63 412.97 431.4
remote 358.25 370.35 390.78 381.48