sheep 107.43 147.98 475.8 311.26
sheep 114.58 266.32 561.55 473.81
sheep 493.39 303.45 640.0 474.44
sheep 408.05 126.57 597.17 296.16
sheep 481.85 79.81 639.85 212.32
sheep 177.19 9.02 259.77 79.18
sheep 140.18 50.12 256.15 146.37
sheep 6.49 212.43 220.54 460.0
sheep 582.95 157.82 640.0 312.96
sheep 558.41 56.99 640.0 94.23
sheep 454.41 61.98 578.65 141.45
sheep 410.97 1.08 508.04 118.65
sheep 317.71 113.82 486.72 181.14
sheep 105.71 118.65 254.56 217.89
sheep 13.53 36.45 100.79 124.27
sheep 0 77 105 426