bus 217.05 73.02 270.06 131.32
bus 1.48 51.01 121.99 151.56
bus 178.69 68.7 224.94 134.32
bus 258.16 77.7 297.3 122.16
bus 87.04 61.35 185.92 145.33
backpack 193.72 113.81 206.67 132.91
suitcase 341.59 138.49 364.31 158.45
suitcase 348.18 128.02 369.69 150.18
suitcase 198.06 134.4 211.3 154.25
suitcase 74.04 141.33 100.11 166.68
suitcase 40.36 138.9 61.59 170.54
person 319.39 85.76 487.22 325.3
person 371.01 104.69 390.77 151.92
person 336.46 101.01 352.55 139.63
person 325.73 103.01 348.83 162.25
person 471.79 102.38 493.13 164.2
person 182.81 106.66 202.21 159.89
person 159 107.75 173.92 154.56
person 295.69 98.53 319.74 159.27
person 50.42 104.56 69.45 169.71
person 106.25 119.28 134.44 167.2
person 11.09 102.03 28.09 168.57
person 28.29 109.06 44.06 167.6
bus 289.65 83.24 317.37 107.85
handbag 372.07 113.5 389.34 129.48
handbag 329.31 138.79 350.72 157.07
suitcase 174.75 137.75 197.67 158.51
suitcase 114.37 149.75 137.84 166.47
handbag 463.4 236.16 493.8 281.54
suitcase 316.18 135.02 330.71 155.53
suitcase 383.23 130.79 398.01 147.86
person 370.4 87.48 377.18 102.99
backpack 168.55 120.39 176.13 132.08