chair 156.51 302.36 172.6 342.58
chair 217.4 291.01 231.02 314.07
person 167.02 245.59 220.37 411.66
person 224.5 255.47 268.54 311.33
person 243.13 253.83 333.79 374.98
person 345.88 250.28 382.4 311.51
person 354.46 226.54 388.43 269.15
person 510.28 219.64 529.59 246.92
person 590.45 217.84 606.84 237.06
bench 59.65 262.27 138.5 308.41
suitcase 382.4 311.51 457.59 402.81
bicycle 438.94 257.01 473.08 300.81
bench 233.37 279.1 440.15 434.49
bench 434.28 255.73 526.96 343.83
bench 314.21 245.22 354.62 272.67
backpack 350.33 284.81 381.92 304.41
skateboard 612.74 246.6 625.52 251.36
bench 505.58 230.94 533.58 247.3
bench 584.16 225.55 599.93 237.63
bench 627.36 222.42 637.7 230.62
bench 126.03 260.53 191.7 305.42