car 236.19 290.89 296.89 359.18
car 283.66 193.18 311.83 218.73
car 482.51 196.94 529.69 227.56
car 536.07 269.68 640.0 377.41
car 326.91 152.86 342.7 164.64
car 535 219.37 609.73 271.68
car 355.97 142.98 362.44 150.36
car 460.47 180.76 491.66 208.29
car 586.42 169.02 614.65 200.63
car 414.41 173.49 438.22 192.09
traffic-light 159.51 219.45 170.1 230.04
car 302.33 172.49 319.41 188.73
motorbike 412.74 168.26 419.55 178.13
bus 371.38 128.35 389.83 145.1
bus 351.85 126.04 373.23 140.39
truck 433.07 146.89 456.98 175.63
person 540.21 169.51 544.5 188.47
person 570.52 233.67 584.12 244.36
car 315.14 160.01 329.38 174.41
motorbike 412.85 150.05 418.84 159.56
motorbike 404.63 157.11 411.8 165.81
truck 344.86 215.77 419.72 289.86
truck 472.17 228.84 549.31 285.36
truck 0.26 236.73 90.69 290.26
person 411.66 162.3 419.81 169.81
car 339.9 149.14 352.24 158.15
car 1 119 639 363
