sports-ball 242.84 286.46 266.98 309.94
car 72.09 84.99 138.83 100.9
car 332.36 104.08 427.58 134.37
car 323.93 89.93 359.59 106.8
person 317.11 152.42 442.55 316.35
person 412.49 166.47 517.81 331.02
person 518.34 142.29 607.56 247.66
person 174.38 121.92 191.01 163.08
person 155.13 141.58 176.98 160.33
person 259.41 144.33 274.43 164.86
person 135.05 92.52 153.07 121.58
person 254.68 120.3 274.2 149.99
person 276.48 118.21 295.37 151.28
bench 0.04 103.74 108.08 124.36
bench 211.77 120.11 238.31 127.22
backpack 372.55 142.3 383.05 152.08
backpack 396.91 143.36 404.7 152.53
backpack 424.52 154.24 434.14 167.24
backpack 406.71 155.8 417.78 165.65
person 521.81 131.27 621.71 279.4
car 519.65 103.71 553.78 127.92
truck 505.75 103.31 555.32 128.7
truck 226.81 77.65 309.38 128.05
bench 130.39 108.89 162.97 126.93
backpack 421.9 147.86 435.55 154.75
person 268.87 144.31 281.4 163.99
truck 324.41 89.18 359.9 112.33
person 199.58 122.4 214.68 163.35
person 222.29 121.96 234.13 154.51
bench 326.37 141.82 394.53 163.72
bench 382.01 143.79 439.22 156.05
bench 400.72 152.77 425.92 155.37
person 21 85 636 167
