person 415.19 219.98 442.55 300.38
person 480.98 215.43 502.79 268.64
person 503.22 222.49 539.93 282.2
person 555.83 227.08 571.29 265.74
person 570.92 220.65 584.65 239.49
person 592.65 216.9 609.72 252.24
skis 413.56 289.81 444.49 301.66
snowboard 362.4 293.46 437.96 297.68
snowboard 506.51 277.86 533.17 284.83
person 557.43 217.45 567.09 228.22
person 403.58 226.11 409.59 238.38
person 387.39 226.19 390.36 237.05
person 382 225.24 386.72 237.88
person 399.74 224.84 404.79 236.8
person 388.87 225.22 395.15 237.41
skis 592.3 245.21 612.2 254.79
snowboard 401.42 236.82 410.81 238.13
snowboard 481.63 263.66 495.09 268.2
skis 526.7 264.28 564.86 266.04