car 537.76 296.01 567.96 314.49
person 118.54 214.38 210.67 434.87
person 198.68 217.51 288.35 437.02
person 283.73 218.95 370.68 444.0
person 368.44 228.45 455.93 444.0
person 449.25 228.22 536.95 443.64
person 447.87 152.05 522.66 305.03
person 373.72 149.02 449.89 284.21
person 228.49 143.68 301.32 293.34
person 164.58 151.37 229.65 296.52
tennis-racket 396.2 330.39 441.13 443.65
tennis-racket 303.99 326.83 352.5 444.0
tennis-racket 469.57 331.77 514.59 437.72
tennis-racket 417.71 219.75 456.11 271.95
tennis-racket 252.53 208.39 288.67 263.66
tennis-racket 187.2 201.01 231.13 243.88
tennis-racket 123.9 318.97 170.87 439.49
tennis-racket 219.31 317.45 263.41 443.45
tennis-racket 468.31 222.65 513.01 274.55
person 82.82 151.34 160.54 425.91
tennis-racket 331.43 205.64 372.82 254.23
tennis-racket 185.47 237.38 223.01 277.06
person 298.92 130.94 379.68 267.1
