sports-ball 130.59 215.73 141.89 225.32
baseball-bat 153.78 192.1 190.53 198.22
baseball-glove 307.42 214.26 328.87 230.38
baseball-glove 196.17 190.79 207.59 198.75
person 152.88 166.85 254.42 299.29
person 305 188.71 380.46 271.37
person 193.31 61.36 226.65 104.07
person 316.02 59.46 349.54 87.45
person 252 65.4 297.27 96.67
person 225.42 57.71 257.88 96.97
person 125.21 63.15 168.93 111.07
person 89.78 66.98 128.17 112.42
person 529.06 20.59 573.62 63.73
person 386.11 51.67 419.94 78.4
person 351.54 56.71 372.22 83.37
person 289.81 48.08 319.39 92.0
person 304.28 157.9 381.03 256.95
chair 160.58 87.82 184.39 105.29
cell-phone 58.98 54.46 61.25 58.79
person 449 44 511 72
