bird 266.66 262.36 307.31 307.54
bird 296.98 242.17 323.94 279.43
bird 340.32 227.96 389.05 264.38
bird 204.13 250.3 244.55 296.14
bird 165.91 263.82 201.88 313.55
bird 173.59 248.56 199.69 282.98
bird 143.08 147.79 208.99 243.8
bird 223.58 85.16 270.01 167.69
bird 186.91 88.61 263.3 147.72
bird 271.3 198.75 318.98 265.31
bird 297.3 217.63 319.99 250.89
car 179.98 116.14 221.34 151.47
person 352.49 72.69 542.59 376.46
bird 132.04 254.3 178.26 299.46
bench 451.95 252.43 636.18 415.55
person 139.6 122.3 150.35 154.82
bird 311 279.27 358.66 330.15
handbag 472.56 208.72 574.27 277.16
bird 55 160 370 364