car 349.01 451.31 459.89 480.0
car 330.27 421.27 387.41 459.03
car 269.05 427.25 346.64 469.32
car 185.31 430.89 280.2 479.5
car 65.78 437.53 191.84 480.0
kite 297.21 49.08 331.48 90.61
kite 459.86 98.07 485.55 118.49
kite 387.38 114.67 396.13 118.74
kite 340.79 235.15 353.75 245.08
kite 232.09 154.93 247.99 170.38
kite 492.15 320.94 522.64 349.03
kite 567.4 212.8 586.68 222.9
kite 423.78 271.59 428.07 274.5
kite 285.06 264.64 291.13 271.78
car 521.64 469.38 635.08 480.0
kite 429.56 339.02 431.82 341.61
person 415.8 432.12 424.55 452.83
person 493.15 419.94 501.71 435.78
kite 272.48 126.81 279.21 134.46
kite 139 240 439 345