bottle 124.1 148.32 139.45 178.07
bottle 112.38 151.35 126.14 178.08
kite 590.07 169.81 639.79 206.45
kite 219.91 0.22 261.0 83.62
person 308.29 151.88 442.73 426.61
person 93.08 77.72 204.38 400.13
backpack 198.13 151.38 210.36 162.7
person 80.3 98.28 123.21 245.76
person 0 175.51 58.66 422.67
person 0 82.88 99.85 391.5
person 274.7 126.89 309.74 184.99
person 318.96 130.59 345.69 161.5
person 377.13 130.62 421.63 199.87
person 609.55 134.87 634.98 174.83
person 462.37 163.45 510.09 194.28
kite 139.85 131.3 225.81 258.16
person 414.83 145.19 428.15 171.82
person 166.5 116.47 239.66 359.52
person 502.62 122.63 537.7 194.29
person 71 84 621 204