sports-ball 341.41 414.49 357.61 430.96
sports-ball 548.12 145.28 555.66 152.87
sports-ball 41.73 215.11 48.16 219.29
sports-ball 337.73 188.57 342.92 193.93
sports-ball 416.7 223.74 422.76 228.31
sports-ball 424.22 326 435.18 333.96
sports-ball 491.19 166.85 495.4 170.74
sports-ball 422.45 174.46 426.71 178.41
sports-ball 411.48 326.73 420.88 331.78
person 54.83 76.84 156.47 398.95
person 127.2 46.13 234.82 336.86
person 294.93 345.24 436.1 473.84
person 242.55 63.54 334.29 337.79
person 582.52 100.02 594.46 130.54
person 605.4 105.52 618.64 130.41
baseball-bat 220.07 392.17 392.43 405.07
baseball-bat 115.78 509.74 170.19 572.45
person 115.14 63.35 152.43 88.36
person 251.88 98.28 268.36 120.74
baseball-bat 151.6 351.68 166.01 383.28
baseball-bat 251.08 213.8 262.03 338.21
person 235.8 86.63 249.43 122.13
sports-ball 260.39 224.38 267.61 232.65
baseball-bat 205.44 212.91 226.04 323.89
person 566.86 86.83 573.63 101.16
person 529.45 87.82 536.4 100.11
person 487.92 75.78 502.3 94.34
