bird 31.71 180.34 65.46 207.87
bird 28.68 156.47 58.98 169.22
bird 10.26 107.34 32.29 120.65
bird 91.12 133.63 123.15 141.37
bird 152.3 146.77 183.18 157.28
bird 250.24 149.47 285.19 169.0
bird 277.42 32.94 313.37 66.51
bird 393.75 178.51 427.61 190.74
bird 209.89 154.64 245.03 167.69
bird 587.13 168.42 632.24 186.16
bird 476.92 118.39 521.77 126.61
cow 150.71 221.94 241.55 309.68
cow 532.26 211.91 582.62 306.86
bird 596.28 205.49 621.85 231.05
bird 358.28 172.1 390.5 180.7
cow 221.83 184.4 361.1 310.8
bird 1 52 509 316