cow 216.81 186.43 372.13 308.31
chair 360.62 211.42 396.36 263.22
chair 501.49 208.72 528.75 272.23
chair 553.48 207.94 590.59 257.26
chair 571.39 247.21 639.7 313.35
chair 439.67 229.31 484.59 288.48
chair 469.5 191.61 484.11 206.74
chair 509.53 252.92 574.06 321.38
diningtable 290.34 196.43 402.28 251.88
person 0 192.02 61.48 444.7
person 230.72 113.58 246.23 147.56
person 496.93 206.84 557.17 308.92
person 56.09 163.96 141.3 402.34
handbag 148.59 134.82 159.12 156.07
cup 362.89 157.6 368.26 165.25
cup 386.84 157.38 393.18 166.99
person 179.25 128.8 201.24 185.49
person 116.54 122.91 139.6 179.0
person 450.14 201.13 501.7 288.79
person 547.19 205.38 635.75 296.76
person 194.15 117.62 210.29 171.17
person 399.07 156.31 443.86 259.8
person 257.5 123.09 279.67 147.67
motorbike 0 153.02 24.41 185.54
cup 410.19 158.98 415.67 169.26
person 162.29 178.88 201.4 218.7
handbag 134.54 137.67 142.56 157.49
person 140 119 272 181