bicycle 112.3 170.65 556.37 481.63
car 29.51 151.8 93.52 182.71
car 7.54 154.46 69.13 189.41
bicycle 51.18 181.8 57.7 196.11
car 109.94 141.86 125.94 154.4
car 502.93 148.45 549.9 163.37
car 462.42 145.78 485.02 159.67
car 427.05 144.87 445.2 153.0
car 0.11 207.47 10.6 226.31
car 119.73 141.65 133.98 153.84
boat 351.04 164.81 385.24 180.8
boat 287.59 138.45 356.13 167.37
boat 252.55 136.41 288.6 154.1
boat 236.63 135.07 258.82 149.62
boat 514.18 150.37 640.0 208.43
boat 100.46 164.99 253.24 294.9
car 0 162.47 36.69 215.65
car 384.75 144.73 406.85 153.43
boat 369.64 152.09 521.91 196.67
boat 164.72 156.21 193.78 170.74
boat 190.48 157.66 212.57 172.95
boat 221.94 142.67 233.65 145.15
boat 144.07 142.16 191.71 163.1
boat 160.46 135.37 186.56 143.99
car 133.02 137.18 142.99 147.51
car 369.24 143.26 390.63 153.7
boat 0 272.75 107.41 427.99
car 81.02 143.08 122.46 161.58
car 263 125 555 170