bus 1.54 0.38 225.77 333.4
person 93.28 183.33 170.23 376.2
person 147.26 168.7 206.04 360.69
person 73.42 103.74 129.37 240.72
person 515.73 171.91 579.72 316.12
person 26.39 187.13 96.52 391.06
person 509.09 180.16 524.66 216.26
person 562.92 177.09 578.77 210.86
handbag 57.88 299.08 100.22 348.47
handbag 139.76 263.26 178.61 324.72
person 79.26 162.82 128.35 321.4
handbag 550.46 227.05 576.76 263.02
car 197.92 177.71 230.44 206.78
car 487.36 181.32 503.89 218.72
bus 226.86 105.08 492.81 271.94