diningtable 123.89 121.99 536.55 426.0
fork 430.43 349.52 475.14 392.9
fork 203 402.72 217.16 426.0
fork 247.59 219.73 272.9 237.78
knife 169.67 348.67 244.17 354.5
knife 445.41 357.47 499.17 403.53
spoon 424.51 346.59 481.78 364.05
spoon 247.78 219.4 271.06 237.73
bowl 318.76 347.27 416.08 426.0
bowl 257.89 242.71 334.3 296.19
bowl 294.78 156.18 343.36 177.96
bowl 443.57 406.32 523.21 426.0
bowl 311.6 190.81 353.16 216.52
bowl 304.2 215.84 359.6 239.83
person 296.02 64.12 359.16 130.01
person 0.96 168.19 129.24 419.96
person 67.47 151.67 176.4 409.61
person 487.27 133.07 640.0 426.0
person 454.33 184.88 534.14 343.76
person 395.53 137.33 456.66 250.76
person 187.67 133.85 236.84 238.86
person 220.45 78.45 264.92 173.8
person 379.91 63.68 459.69 199.47
person 370.46 76.96 407.36 168.94
person 227.84 121.58 278.58 215.39
person 226.29 31.44 280.87 118.11
wine-glass 389.66 257.52 422.07 332.25
cup 236.54 317.11 274.9 372.32
cup 405.92 304.44 442.09 358.49
cup 235.12 295.1 269.54 321.37
cup 364.53 229.64 387.34 249.45
cup 292.15 183.77 309.47 207.14
cup 281.14 215.1 304.5 242.32
cup 350.02 173.56 364.74 196.98
cup 344.09 163.21 357.9 184.61
cup 357.59 243.53 382.94 282.66
cup 290.27 166.5 305.4 185.22
carrot 278.14 261.83 287.74 271.0
carrot 308.35 253.5 313.25 258.03
vase 513.69 88.39 524.85 118.35
wine-glass 284.79 322.9 320.2 421.93
wine-glass 330.81 122.16 356.55 180.95
wine-glass 252.2 242.98 278.71 310.68
cup 305.53 145.17 318.27 156.11
knife 220.14 253.22 236.89 256.86
knife 379.23 220.44 419.48 228.99
chair 454.76 128.47 472.58 186.75
person 140.16 102.58 233.97 303.44
spoon 346.43 274.08 363.88 305.0
carrot 283.51 249.26 298.57 255.99
wine-glass 271.29 322.73 298.21 392.05
wine-glass 292.33 185.09 308.92 205.64
cup 242.4 374.04 287.8 426.0
person 264 24 552 268
