frisbee 270.55 166.69 300.16 197.14
frisbee 409.36 126.45 461.03 148.17
frisbee 573.72 192.46 599.75 214.21
person 403.6 36.97 529.91 367.65
person 519.17 95.14 599.6 298.39
person 42.13 44.57 268.58 457.0
person 289.44 151.45 351.17 244.35
frisbee 486.53 155.25 524.97 173.95
person 223.97 140.73 240.48 188.22
person 239.51 138.37 260.27 201.66
person 328.38 142.65 347.05 198.11
person 254.53 152.02 298.65 237.77
person 211.56 138.87 226.75 177.32
person 192.9 142.18 209.78 165.06
person 30.15 176.6 71.53 420.34
person 352.96 144.57 365.79 176.64
person 82.3 138.97 92.56 164.03
truck 0 120.7 58.7 216.74
car 0 120.35 58.48 223.33
person 0 126 630 230