baseball-glove 376.89 250.2 393.63 264.54
baseball-glove 169.1 247.32 181.15 263.23
baseball-glove 248.93 258.83 264.79 274.96
backpack 259.28 204.61 281.67 253.74
backpack 178.07 204.71 212.14 244.36
person 169.6 175.1 223.38 319.56
person 265.31 184.98 319.45 329.12
person 384.13 188.17 434.67 317.09
person 208.04 173.28 252.4 321.88
person 410.21 73.22 439.04 121.46
person 369.23 27.1 406.15 122.38
person 311.67 63.53 340.48 121.14
person 293.75 181.37 336.0 314.38
baseball-glove 301.87 252.62 318.35 266.71
person 250.84 182.03 286.47 274.03
person 353.52 42.43 379.95 122.57
backpack 187.01 94.4 216.94 118.08
person 240.74 44.83 261.81 114.47
