teddy-bear 182.09 279.67 235.38 364.42
teddy-bear 438.72 199.84 459.15 229.4
teddy-bear 415.13 228.56 450.68 253.09
teddy-bear 502.64 221.98 529.76 253.83
person 38.56 227.01 237.14 423.66
person 186.59 197.84 298.16 420.01
person 1.62 170.85 58.26 259.81
person 283.68 137.44 343.24 310.26
person 331.34 170.06 366.46 281.42
person 441.53 171.09 474.6 284.01
person 414.91 217.07 442.31 300.67
person 34.62 198.8 101.95 320.95
person 225.11 157.85 298.17 342.34
person 375.18 130.98 424.11 292.42
umbrella 370.24 143.1 468.34 168.2
teddy-bear 364.65 209.32 377.22 234.2
teddy-bear 222.46 283.35 290.37 368.48
person 351.56 151.14 377.86 249.58
person 575.8 145.46 636.53 260.38
chair 82.33 178.52 94.77 214.83
chair 0 201.81 34.42 264.87
chair 214.57 191.49 223.32 230.16
person 523.16 190.02 548.77 251.47
person 1 132 633 288
