person 242.7 66.95 508.04 474.68
banana 257.86 196.31 311.58 290.03
orange 49.95 444.43 93.67 475.36
microwave 345.17 92.76 444.4 198.47
toaster 0 300.94 67.96 424.99
banana 24.25 421.13 143.89 480.0
cake 174.31 325.08 207.55 345.48
cake 104.33 364.01 152.2 382.77
cake 140.87 341.44 175.89 374.75
cake 211.57 317.18 228.69 337.78
cake 124.62 353.58 146.2 371.91
cake 166.51 404.65 187.97 423.95
oven 473.54 319.82 522.62 477.89
cup 488.49 265.45 512.35 309.38
scissors 189.43 399.35 240.84 420.55
cake 194.83 341.01 214.35 353.45
oven 225.81 271.92 273.21 390.15
cake 144.48 381.99 161.24 391.75