broccoli 237.18 292.52 411.11 446.12
broccoli 253.52 93.63 358.31 193.92
broccoli 84.71 153.6 202.16 263.15
broccoli 185.55 245.7 252.21 309.9
broccoli 262.64 220.19 320.38 275.66
broccoli 360.01 122.72 511.04 374.08
bowl 20.4 0.1 623.89 473.66
broccoli 379.77 98.59 431.95 132.59
carrot 307.92 285.38 433.55 360.13
carrot 91.69 259.78 208.18 333.12
carrot 282.28 185.81 408.31 298.57
carrot 221.48 137 290.24 239.03
carrot 201.43 253 279.77 334.35
carrot 110.34 253.3 339.12 445.25
carrot 464.9 245.93 533.93 337.62
carrot 250.15 39.24 423.56 134.04
carrot 378.42 81.48 527.73 273.35
diningtable 0 0.1 637.85 480.0
carrot 162.08 83.53 206.96 167.06
carrot 154.21 31.88 246.82 87.55
carrot 195 88.13 237.5 216.88
carrot 213.43 56.46 252.09 144.54
carrot 74 84 266 306