person 270.72 168.86 420.42 329.47
person 3.08 140.78 135.3 335.94
pizza 0 391.41 370.06 587.37
chair 333.54 328.54 427.0 374.15
chair 250.79 280.7 396.76 346.9
chair 88.57 278.37 162.29 347.32
chair 128.12 265.47 174.01 290.29
diningtable 0 340.63 427 640.0
diningtable 129.29 258.57 258.98 285.83
diningtable 0 279.63 94.51 389.0
cell-phone 288.83 361.86 375.89 385.25
person 168.48 195.94 215.16 259.68
person 14.12 175.9 58.33 268.44
chair 245.1 258.66 266.72 275.9
diningtable 364.94 277.04 426.05 330.98
person 397.58 196.11 426.96 275.33
person 241.43 206.35 281.02 265.3
