chair 446.36 384.3 485.0 513.64
chair 332.88 285.84 374.0 344.63
chair 316.58 250.19 333.47 320.8
diningtable 204.08 354.37 366.11 397.01
diningtable 234.73 274.36 338.6 347.55
wine-glass 214.22 406 311.26 638.37
wine-glass 263.19 395.4 342.97 596.27
wine-glass 229.36 323.76 280.48 407.66
wine-glass 274.19 326.64 308.87 399.31
wine-glass 27.4 298.17 60.02 377.58
wine-glass 50.73 295.21 80.69 370.83
wine-glass 237.82 296.33 269.74 323.83
wine-glass 265.44 297.54 281.2 326.39
diningtable 264.18 246.39 293.35 249.83
chair 391.53 347.84 423.47 427.28
chair 350.05 311.6 384.06 398.85
diningtable 262.56 248.01 297.93 255.77
diningtable 186.43 396.03 418.85 487.81
diningtable 107.19 419.49 485.0 633.88
diningtable 0 300.25 225.98 616.3
diningtable 256.37 261.57 311.08 277.17
diningtable 262.24 255.5 299.77 261.63
diningtable 201.55 258.24 236.24 284.79
