tie 160.42 362.24 166.04 371.03
person 256.82 342.07 276.85 386.79
person 148.56 349.6 176.82 404.29
person 275.99 343.59 302.3 393.31
person 514.65 356.77 533.58 382.69
person 128.24 353.34 152.8 379.24
person 501.92 365.74 518.64 398.1
elephant 118.03 394.53 183.94 472.52
elephant 248.65 389.73 302.7 457.84
elephant 294.82 400.78 400.91 449.74
elephant 497.69 391.02 536.86 435.73
elephant 604.12 383.83 640.0 430.23
elephant 384.24 389.75 424.11 444.46
tie 140.66 363.06 142.43 369.08
person 262.97 369.03 279.47 392.67
person 375.06 365.29 393.36 404.3
person 398.69 354.63 419.99 383.35
person 620.99 357.9 637.65 389.63
person 355.48 363.69 377.04 400.51
person 340.07 371.29 359.26 406.3
person 387.53 351.02 401.71 385.15