motorbike 22.89 89.03 529.11 543.11
motorbike 354.39 151.06 631.01 330.8
motorbike 547.88 143.2 640.0 292.95
person 163.97 8.68 260.39 169.65
person 153.99 138.66 173.84 171.75
person 31.81 144.58 44.14 184.77
person 82.38 144.82 102.06 169.97
person 103.28 139.53 118.58 167.92
chair 44.35 164.55 74.52 195.57
person 606.29 162.72 620.9 174.98
person 117.42 151 130.91 168.11
person 66.55 149.44 74.3 179.03
person 147.62 152.21 156.15 170.43
person 73.18 150.05 79.31 186.42
person 167.98 149.24 178.76 173.79
motorbike 0.33 159.24 37.61 197.73
person 62.4 153.28 69.05 170.45
person 123.45 138.26 151.58 170.01
person 3 150 428 200