tie 146.11 125.75 205.67 363.77
tie 460.59 184.56 551.98 336.15
tie 411.23 191.81 420.97 215.21
tie 308.08 190.06 315.43 221.53
cell-phone 116.2 311.78 151.07 322.8
chair 0 195.03 111.48 413.23
chair 607.07 235.33 640.0 401.33
person 335.19 44.88 640.0 422.09
person 0 0 338.63 424
person 272.65 153.48 349.36 220.65
person 381.18 153.66 455.63 223.9
wine-glass 425.8 202.13 447.12 238.58
cup 337.78 231.96 365.71 251.01
person 376.36 167.5 411.65 212.62
person 253.61 173.88 273.14 197.17
person 284.61 168.74 302.99 188.41
tie 240.74 186.45 248.08 197.74
cup 284.93 211.57 299.61 220.98
spoon 311.18 244.51 331.04 254.98
cell-phone 370.63 327.05 399.05 356.82
person 236.48 164.59 262.26 197.72
wine-glass 464.51 202.67 475.76 237.75
wine-glass 308.54 199.04 322.71 224.12
wine-glass 474.65 201.99 487.78 232.09
wine-glass 261.15 197.12 275.63 223.85
wine-glass 329.67 199.5 351.69 236.13
wine-glass 388.77 199.73 403.0 213.46
fork 292.14 243.13 315.38 253.88
person 347.17 186.1 361.42 200.95
person 33.46 80.03 98.45 100.2
person 363.96 186.87 380.55 201.43
person 444.99 177.95 470.35 227.73
person 349.58 177.07 372.17 206.36
cup 403.07 221.54 426.35 239.59
diningtable 241.84 212.35 485.77 352.64
