bird 94.54 265.87 119.99 315.14
bird 216.53 123.63 271.94 166.47
bird 373.4 292.81 429.71 339.05
bird 581.62 385.82 629.62 404.73
bird 387.46 388.93 431.97 405.18
bird 84.22 280.5 100.66 287.74
bird 64.65 270.55 84.91 278.13
bird 88.52 411.63 130.18 426.26
bird 96.1 393.16 133.83 413.05
bird 361.33 477.87 427.79 510.19
bird 258.52 197.62 272.05 207.46
bird 275.21 193.97 293.36 207.79
bird 287.74 174.67 301.11 181.87
bird 348.43 159.19 359.74 165.86
bird 445.38 137.62 458.04 146.73
bird 429.79 165.67 445.62 170.76
bird 359.16 362.88 401.57 393.64
bird 526.67 150.36 540.93 159.61
bird 204.32 270.34 225.31 280.3
bird 7 106 610 284