chair 547.02 202.63 640.0 327.5
chair 0.52 213.54 136.81 398.22
pottedplant 277.7 173.53 301.64 208.1
pottedplant 320.97 178.8 347.96 206.75
vase 201.19 184.13 216.59 210.13
pottedplant 264.94 174.02 282.98 209.38
sofa 53.28 195.48 189.56 317.31
sofa 363.78 351.58 639.95 421.45
pottedplant 189.42 151.75 228.67 210.47
pottedplant 300.43 109.09 330.62 206.76
pottedplant 295.65 178.96 312.54 209.37
pottedplant 464.28 264.96 499.54 328.17
chair 54.57 196.72 190.71 325.13
chair 432.15 191.83 524.13 295.66
person 448.48 190.53 515.29 267.78