traffic-light 261.17 203.64 282.2 262.53
person 211.14 392.58 277.64 577.99
person 409.56 462.09 435.38 521.74
person 431.61 457.19 456.65 525.86
person 168.93 456.96 182.76 505.35
person 47.36 448.98 60.49 497.29
person 467.3 471.49 478.37 509.33
handbag 217.5 439.59 245.71 470.8
handbag 448.31 468.32 457.08 497.4
handbag 424.6 471.56 433.2 496.56
handbag 428.94 491.87 438.83 506.97
person 24.82 453.65 48.42 498.13
person 59.25 457.36 68.02 483.21
car 0 456.46 32.44 518.59
person 450.73 472.52 461.13 525.12
