orange 486.93 279.21 571.8 434.93
cake 192.82 2.04 441.76 235.67
bowl 179.35 0 466.3 261.08
bowl 77.89 214.57 328.97 448.23
carrot 332.87 94.62 400.05 164.85
carrot 251.9 141.99 321.34 195.61
carrot 314.73 84.09 339.18 108.74
carrot 266.71 33.02 289.73 56.25
carrot 293.97 16.96 359.67 87.86
carrot 228.05 54.08 303.91 127.16
carrot 368.13 37.2 443.38 110.75
carrot 308.16 178.2 378.65 243.42
carrot 284.05 103.8 306.1 128.74
carrot 378.89 146.16 402.39 171.23
carrot 174.76 319.68 229.09 375.75
orange 425.84 222.78 524.97 342.19
orange 360.96 230.92 452.88 294.82