bottle 49.95 263.3 59.08 299.03
bottle 58.48 277.28 70.14 299.52
bottle 70.64 268.3 81.6 299.85
bottle 40.6 263.19 51.61 298.81
bottle 27.68 259.47 41.52 298.2
bottle 41.85 316.07 63.87 355.99
bottle 61.62 318.42 70.49 352.25
bottle 76.82 314.49 91.42 354.13
bottle 59.94 357.64 69.03 389.32
bottle 51.33 360.16 60.51 389.76
bottle 90.93 275.93 103.61 299.11
person 123.69 139.51 355.24 606.92
person 276.13 133.75 480.0 629.93
horse 163.77 448.91 298.36 638.4
refrigerator 11.45 227.79 143.18 476.92
bottle 36.5 361.24 47.58 389.82
clock 269.16 0 285.25 17.01
cake 251.65 326.52 299.37 346.16
bottle 88.56 358.14 100.46 391.61
bottle 26 131 479 435