sports-ball 292.81 326.08 328.24 361.29
person 551.74 97.87 622.75 320.49
person 467.97 123.17 543.87 319.34
person 475.54 174.45 520.93 315.61
person 408.95 198.65 455.73 319.16
person 332.88 185.89 414.38 352.61
person 332.91 99.49 406.0 219.36
person 169.74 184.86 276.35 337.42
person 249.12 173.83 297.47 307.81
person 294.09 176.6 346.74 333.25
person 327.21 180.4 359.83 235.09
person 63.05 185.69 96.33 270.05
cup 177.33 140.62 191.53 163.18
chair 125.05 194.87 182.33 297.38
person 13.43 175.75 95.15 339.19
chair 16.87 217.43 22.63 259.81
person 256.56 109.01 313.57 215.05
person 0 86 639 307
