scissors 173.66 204.76 281.53 443.15
person 10.79 32.63 69.03 201.98
person 225.44 255.64 352.72 480.0
person 77.25 244.56 190.55 479.82
person 41.08 95.68 148.11 474.05
person 119.23 81.44 188.49 269.61
person 50.81 58.55 135.49 142.52
person 171.19 31.06 251.57 185.54
person 297.02 50.13 355.42 137.36
person 211.45 88.41 335.12 281.42
person 354.88 91.69 517.75 470.29
person 434.75 40.93 505.61 160.61
person 424.99 22.65 469.21 93.84
handbag 535.53 275.03 594.66 347.45
bicycle 500.46 159.1 545.87 258.36
person 208.12 61.3 297.51 210.0
scissors 450.78 334.49 470.03 392.51
person 523 26 639 314