bottle 434 38.54 455.59 99.85
person 38.27 6.23 226.92 312.35
person 198.89 23.16 284.51 289.42
fork 132.92 169.85 155.86 201.69
spoon 255.14 105.38 269.19 155.98
bowl 305.63 171.1 353.69 200.47
broccoli 470.53 280.09 621.02 342.45
broccoli 22.56 206.7 70.51 225.46
oven 407.59 91.42 562.78 268.01
broccoli 0 185.5 42.52 219.79
diningtable 501.55 189.76 640.0 281.6
spoon 27.68 322.69 111.19 352.61
bowl 464.91 277.71 629.49 390.86
bowl 0 205.18 80.03 248.61
bottle 507.23 44.65 524.7 101.95
sink 178.71 186.99 208.5 212.93
person 249.94 32.91 410.4 279.77
sandwich 442.05 273.75 473.79 298.73