car 145.2 286.67 182.45 299.9
car 96.89 279.4 145.61 299.3
car 138.92 277.1 187.27 296.58
car 209.69 286.73 224.65 298.45
person 347.12 267.01 438.33 482.31
person 57.75 280.49 64.85 299.2
kite 374.1 237.7 383.93 245.35
kite 472.63 127.24 483.81 133.9
kite 392.17 154.85 398.47 166.1
kite 316.2 227.91 320.72 235.64
kite 280.43 255.9 288.68 264.42
kite 226.92 258.18 238.33 274.06
kite 55.18 22.52 117.12 69.82
kite 77.34 238.8 83.64 247.88
kite 11.47 241.16 26.88 249.17
person 425.69 291.81 434.46 311.03
person 116.45 281.72 125.14 299.43
person 106.91 283.15 112.24 299.44
person 319.01 283.1 330.96 310.13
person 433.33 286.15 440.86 308.51
person 233.87 286.18 237.68 298.0
person 368.53 283.04 378.61 304.06
person 256.87 284 262.57 299.48
person 473.64 289.43 484.48 309.9
car 293.85 277.44 349.66 299.46
car 198.31 288.49 219.67 298.43
kite 110.26 257.23 116.97 264.52
kite 94.18 255.2 102.53 261.73
person 194.09 286.4 199.93 299.5
person 342.39 283.27 360.29 306.08
truck 227.76 276.12 280.32 299.37
truck 458.92 272.83 494.43 307.4
kite 276.87 245.84 288.05 256.83
kite 112.09 236.82 116.26 242.27
car 87.37 282.82 104.68 297.35
person 77 282 87 297
kite 102 236 371 277