tennis-racket 90.21 8.31 236.34 143.05
person 70.85 97.35 105.49 169.96
person 81.94 120.39 107.74 170.71
person 32.62 182.53 82.59 249.85
person 110.7 191.63 159.35 244.08
person 298.06 239.16 346.26 318.03
person 241.2 215.36 284.64 273.6
person 231.88 192.98 272.3 256.75
person 215.46 162.15 260.93 230.74
person 210.89 140.5 251.96 196.81
person 245.85 316.62 297.93 376.23
person 261.65 243.67 303.68 328.73
chair 308.79 310.3 352.62 341.6
chair 135.19 309.21 172.58 335.1
chair 88.59 309.18 134.87 334.5
chair 140.53 340.25 183.5 370.63
chair 110.88 342.34 138.8 366.79
chair 80.19 222.37 107.65 250.9
chair 73.38 196.24 99.96 217.58
chair 323.88 341.22 354.44 371.78
chair 54.45 328.18 67.62 335.01
chair 0 248.59 30.78 271.48
chair 75.1 250.48 104.17 271.24
chair 98.47 341.94 112.72 367.44
person 80.57 250.27 131.29 300.12
chair 124.68 279.02 165.54 327.13
person 210.53 112.34 488.31 593.86
chair 96 71 439 367
person 0 0 631 380
