tvmonitor 263.24 172.56 361.85 233.31
chair 293.22 306.6 406.84 386.32
sofa 463.44 250.69 588.07 340.59
diningtable 211.81 274.9 505.01 409.17
person 491.91 183.51 526.76 256.91
chair 520.37 257.46 588.03 351.02
chair 144.61 232.1 190.72 270.67
chair 70.61 341.31 165.77 427.0
chair 444.5 299.5 542.71 361.2
chair 613.14 302.12 639.8 349.03
apple 83.18 262.06 114.42 272.58
vase 457.74 390.67 516.22 427.0
vase 595.38 390.6 639.5 427.0
bowl 74.88 267.62 123.41 280.29
book 378.98 132.3 397.97 138.17
vase 165.13 293.17 197.92 401.39
vase 198.43 277.54 227.53 402.56
book 201.52 222.14 210.49 242.58
vase 432.8 230.26 453.18 280.26
vase 193 221.05 201.64 242.0
vase 192.55 182.99 201.86 199.7
vase 186.04 158.86 202.05 175.42
chair 452.95 235.27 526.44 269.04
chair 472.35 211.58 493.74 225.66
sofa 178.08 263.68 250.39 282.63
sofa 404.88 266.27 482.68 279.74