wine-glass 268.53 0 366.59 111.94
cup 164.81 267.36 234.72 335.73
cup 346.54 98.59 471.45 254.91
fork 114.38 381.4 137.97 563.78
knife 394.77 372.35 421.39 540.6
bowl 463.57 51.22 610.37 308.12
vase 187.04 188.41 218.67 213.17
wine-glass 513.69 0 576.47 45.59
cup 0 202.62 124.05 343.22
cup 425.17 0 485.2 40.25
diningtable 0 0 612 612
vase 254.07 28.88 331.44 209.72
spoon 576.39 202.77 601.69 228.67
spoon 424.21 161.06 571.51 237.47
spoon 420.68 375.49 449.69 514.55
spoon 570.87 209.97 603.44 306.7
spoon 68.59 200.56 118.83 248.33
