clock 452.16 106.75 501.63 155.69
car 430.45 299.64 449.31 324.68
car 460.67 285.63 471.85 293.38
handbag 414.29 440.2 459.45 475.22
handbag 447.36 313.84 457.11 326.55
person 399.1 362.43 510.2 473.53
person 253.89 320.07 305.62 467.94
person 446.58 300.68 464.09 359.93
person 468.95 296.35 492.52 359.64
person 222.76 295.59 239.69 337.03
person 486.83 298.39 502.53 340.54
car 487.47 281.18 496.55 288.22
bench 474.65 443.11 500.67 478.11
dog 243.58 460.02 299.97 479.22
person 463.45 290.68 477.23 339.15
person 504.14 294.98 515.17 322.36
person 500.42 295.24 506.14 309.34
person 446.97 297.66 456.21 321.82
person 490.74 291.52 497.39 302.75
person 454.58 296.13 460.05 303.46
car 495.85 279.84 504.03 286.86
car 505.06 272.81 511.42 278.97
car 502.55 284.81 512.24 292.26
person 408.85 283.58 413.21 296.3
car 490.47 288.93 499.58 297.3