bicycle 126.91 156.09 145.22 175.37
car 1.47 144.4 54.29 167.96
car 309.86 157.88 331.6 174.75
person 363.78 186.49 426.3 357.65
person 443.12 163.38 493.51 345.0
person 273.62 154.44 286.97 185.73
person 130.14 144.72 142.02 173.83
person 612.35 152.21 619.14 177.99
umbrella 329.24 155.22 423.82 201.13
umbrella 435.72 139.18 522.95 191.12
traffic-light 310.79 60.39 346.16 73.02
handbag 353.98 186.93 490.4 289.96
person 327.93 156.37 337.42 181.37
person 391.01 155.17 396.64 160.69
traffic-light 402.84 112.43 411.43 129.37
person 290.84 155.92 303.61 186.83
stop-sign 244.07 136.36 249.55 142.35
