horse 340.13 152.9 537.99 352.65
bench 527.12 233.07 623.78 292.27
person 196.15 189.32 243.42 302.16
person 314.31 178.53 351.03 233.43
person 76.84 196.72 109.04 263.06
person 117.42 195.69 130.22 255.0
person 121.3 188.98 144.51 257.39
person 38.26 200.9 53.58 262.69
person 156.17 197.98 166.76 219.77
umbrella 349.46 129.92 477.3 193.48
umbrella 591.69 161.33 633.39 174.89
tie 223.08 214.46 228.76 243.88
person 66.67 205.61 80.58 260.41
person 8.26 222.44 30.71 263.28
person 264.48 195.67 283.09 219.46
person 528.67 170.45 547.97 200.27
person 85.02 202.72 105.56 257.18
train 119.21 135.03 346.8 319.27
umbrella 618.15 153.29 633.39 165.51
person 6.51 194.68 18.75 253.6
person 13 166 629 293