cell-phone 150.95 191.65 163.72 203.06
person 224.58 125.06 404.83 257.12
person 58.8 4.58 206.27 105.79
person 28.29 197.56 243.04 363.88
person 411.64 100.26 545.94 265.55
person 37.83 119.05 207.32 293.67
laptop 488.5 130.99 556.52 192.17
chair 245.89 300.94 344.88 411.65
chair 236.47 227.87 332.24 331.82
chair 441.62 278.34 536.23 419.04
chair 427.9 211.76 524.06 345.46
chair 389.05 38.33 467.28 113.06
chair 63.05 64.09 160.48 150.07
chair 406.32 148.56 445.49 279.12
chair 403.89 91.8 433.93 138.64
chair 371.46 2.11 449.52 106.14
chair 377 0 434.87 20.76
cell-phone 354 64.48 371.06 74.03
cell-phone 354.52 99.99 371.47 112.05
cell-phone 331.5 168.81 348.25 180.08
cell-phone 121.8 256.99 139.2 271.05
book 0 73.61 29.42 111.74
book 477.76 309.2 530.11 348.88
book 459.09 241.75 512.85 275.31
person 18.84 362.24 203.36 427.0
person 0 0 68.23 88.82
person 487.48 298.58 631.91 427.0
person 256.69 53.21 355.68 128.81
chair 33.96 318.67 151.99 399.32
book 275.37 338.1 333.02 379.08
book 255.26 0 295.27 17.95
book 412.16 68.86 459.27 96.58
person 88.33 0 211.16 89.3
backpack 536.58 156.14 566.55 212.79
chair 411.84 129.96 421.58 150.27
person 239.28 4.4 357.39 111.96
chair 465.68 359.89 506.06 427.0
chair 106 1 366 426
