person 80 6.49 303.89 229.85
person 18.34 12.94 81.44 224.9
person 215.22 62.82 238.71 108.37
person 204.91 32.81 218.32 60.26
person 199.88 13.67 217.74 39.18
person 84.41 33.13 111.05 75.72
sports-ball 99.58 99.14 105.01 104.19
baseball-glove 18.4 122.66 52.29 167.15
person 158.35 21.08 173.61 47.89
person 80.27 69.16 97.48 118.15
person 229.22 49.91 248.26 78.57
person 221.42 33.76 240.12 56.7
person 202.86 72.21 217.7 110.99
person 198.41 60.45 208.42 83.18
person 0 47.59 20.19 80.96
person 1 0 277 122
