person 95.65 138.09 243.79 338.0
person 237.3 94.92 391.19 356.67
person 39.86 420.58 210.49 599.79
cake 324.46 368.82 464.53 456.23
cake 236.96 500.69 275.65 540.45
cake 365.3 513.44 441.53 572.4
cake 254.91 599.07 334.77 640.0
cake 248.16 366.67 305.51 390.1
cake 361.32 337.12 406.9 384.3
person 0.58 420.93 69.12 640.0
person 438.49 186.35 480.0 309.67
knife 338.35 351.75 362.7 371.99
cake 195.15 495.2 238.75 537.71
person 0 88.63 234.32 425.08
person 37.36 500.93 236.92 640.0
person 265.71 78.17 327.98 156.31
handbag 16.67 367.5 190.0 532.5
cake 426.94 590.9 480.0 635.87
cake 372.43 575.22 473.95 635.8
fork 276.44 403.08 311.96 416.74