truck 411.7 0 639.55 90.92
person 508.8 0.52 543.67 94.09
person 326.57 0 402.27 73.75
person 280.68 0.17 331.04 92.1
person 90.94 0.8 168.49 67.81
bowl 1.47 269.09 67.03 360.73
orange 31.96 36.58 40.11 41.56
orange 14.44 38.08 24.38 42.1
orange 0 28.23 45.11 42.85
carrot 455.29 191.17 480.76 202.86
carrot 423.71 229.48 470.82 241.75
handbag 262.84 0 295.25 70.23
carrot 461.06 207.34 493.96 215.92
carrot 458.06 197.58 487.01 208.9
carrot 460.31 210.66 501.28 223.58
carrot 365.31 195.58 394.85 220.91
carrot 448.03 198.92 467.09 228.05
carrot 473.13 226.75 485.8 234.45
person 202.66 0 279.36 87.18
person 140.51 0.18 190.45 45.84
person 36.11 0.07 99.86 109.1
diningtable 1.91 45.96 79.59 119.13
carrot 464.47 219.32 487.91 227.47