banana 304.56 346.72 363.55 380.17
banana 305.45 344.31 385.47 408.68
orange 286.83 342.98 317.97 377.92
teddy-bear 32.29 125.11 260.31 374.33
teddy-bear 160.79 1.01 625.07 379.22
handbag 202.25 77.87 288.2 213.37
bottle 329.49 312.23 355.04 347.1
cup 247.3 326 280.61 349.32
bowl 323.86 161.54 378.46 188.97
bowl 199.04 317.3 257.79 353.08
apple 292.62 386.34 314.02 404.53
cake 210.74 317.54 246.75 345.71
cake 337.11 154.33 370.94 180.35
pottedplant 0 0 196.83 130.68
cup 272.35 243.35 310.18 271.14
apple 265.03 338.75 293.39 369.45
pottedplant 417.27 381.04 501.43 450.0
