sandwich 258.47 217.68 296.79 238.75
sandwich 188.67 155 218.32 182.35
sandwich 86.07 268.29 128.7 306.46
chair 433.56 255.58 640.0 419.0
person 420.87 65.71 638.34 410.65
person 267.4 5.07 427.42 181.59
person 16.95 39.55 219.39 414.29
person 156.54 0 273.71 147.26
cup 414.42 174.81 445.25 207.68
cup 194.66 220.71 230.0 253.62
cup 265.52 171.41 293.52 203.9
fork 417.47 230.37 434.53 256.6
fork 366.62 181.31 381.69 208.58
donut 406.55 294.87 433.59 317.31
person 0.94 12.24 58.38 128.05
person 112.64 0 212.03 54.6
knife 388.36 219.71 435.56 228.77
donut 110.11 252.12 130.94 269.79
chair 107.34 357.8 351.21 414.29
diningtable 38.6 149.71 467.96 419.0
diningtable 103.57 25.42 201.5 110.16
diningtable 43.93 4.19 152.68 38.94
cup 311.3 313.32 367.72 363.82
cup 125.86 78.59 136.28 97.54
cup 144.31 57.27 159.0 71.49
cup 119.59 52.64 130.33 70.46
sandwich 211.7 166.83 239.1 186.81
donut 123.43 262.56 146.55 281.0
donut 405.87 313.65 434.93 337.09
donut 86.86 268.72 127.49 294.34
donut 375.17 287.68 410.43 325.21
chair 195.41 32.57 321.85 164.15
chair 0 124.1 100.03 419.0
chair 391.3 66.87 459.63 178.56
knife 223.27 244.46 235.65 253.58
sandwich 300.27 214.93 318.49 238.19
sandwich 210.6 266.58 239.19 302.21
sandwich 283.81 199.87 310.0 230.51
sandwich 187.85 287.48 213.77 309.71
sandwich 173.99 279.62 205.18 308.53