baseball-bat 115.91 125.98 127.75 150.5
person 94.33 275.22 304.88 375.0
person 408.35 109.8 428.76 162.34
person 58.52 114.65 75.0 149.49
person 429.19 79.91 436.34 88.77
person 77.4 141.08 113.98 226.82
person 356.53 290.12 440.58 370.47
person 312.24 343.29 362.86 375.0
person 6.19 265.77 125.59 370.14
person 265.5 275.72 337.68 375.0
person 335.1 295.11 355.56 312.08
baseball-glove 409.33 128.87 413.82 132.44
baseball-glove 359.59 115.64 365.07 121.02
baseball-glove 69.37 127.55 74.79 134.81
person 355.88 108.65 369.98 139.9
person 446.51 285.35 498.56 375.0
person 330.35 298.6 375.39 361.66
person 0 32 457 357
