bus 0 73.89 416.44 379.02
person 379.02 202.47 446.19 380.94
person 445.51 222.34 477.88 320.17
person 538.23 208.64 578.76 336.39
person 594.82 229.62 610.71 282.65
person 611.15 224.94 628.76 277.97
person 634.01 230.07 640.0 283.09
person 433.36 219.06 456.29 324.22
handbag 548.87 244.21 576.56 295.53
handbag 446.34 263.69 459.27 275.07
person 577.31 232.86 593.65 281.09
car 366.03 231.4 380.49 243.77
handbag 529.49 264.81 547.68 300.08
person 188.25 206.52 216.29 251.99
handbag 586.88 260.09 598.01 274.39
handbag 583.71 248.23 594.76 258.26