skis 41.79 416.21 175.19 445.76
skis 414.81 437.17 484.14 448.52
skis 298.08 387.37 355.43 391.44
person 438 336.75 478.85 446.62
person 420.31 355.86 435.76 400.87
person 413.42 322.9 421.76 338.43
person 317.17 290.41 324.57 305.1
person 363.22 297.17 373.69 308.28
person 386.45 294.68 390.0 304.5
person 401.52 287.53 407.92 298.25
person 412.17 287.58 419.75 305.74
person 53.84 333.37 122.09 479.5
person 28.7 312.75 41.8 358.18
person 358.11 353.7 375.56 393.31
backpack 455.61 352.35 478.67 379.16
skis 275.64 373.7 286.74 379.63
skis 369.83 383.22 392.13 390.88
skis 387.28 381.6 404.76 389.0
skis 56.51 311.51 75.99 343.46
skis 81.28 314.08 88.34 318.0
person 80.35 290.08 92.01 316.5
backpack 265.3 343.78 273.43 356.53
backpack 225.2 322.19 235.18 338.74
skis 260.15 356.62 270.33 366.51
person 31 242 504 403