bottle 44.09 158.21 59.53 208.7
bottle 251.5 293.21 277.82 375.0
chair 18.58 263.94 115.71 371.2
chair 364.09 225.75 431.21 348.24
chair 420.3 267.7 500.0 369.21
chair 221.88 178.15 305.51 255.54
vase 236.71 271.51 270.92 331.02
bottle 34.91 159.17 45.81 194.65
bottle 23.07 263.32 47.98 285.55
bottle 20.97 162.89 28.33 173.58
bottle 9.35 154.05 17.93 184.95
bottle 39.88 263.6 62.67 287.32
bottle 4.87 150.09 10.22 174.5
bottle 0 292.96 23.98 316.69
wine-glass 33.65 215.51 49.54 267.7
wine-glass 19.69 223.72 33.19 254.83
wine-glass 10.13 226.31 21.55 254.31
wine-glass 29.84 220.57 38.9 244.1
wine-glass 0.38 213.14 63.89 251.69
chair 81.24 221.57 141.14 340.68
diningtable 79.05 205.72 419.34 375.0
