bus 537.88 426.38 631.82 479.04
person 386.51 357.06 393.11 370.06
person 522.42 414.44 531.23 439.7
person 377.86 350.38 383.76 363.73
person 180.6 441.36 194.53 464.76
car 325.94 369.2 344.71 387.17
car 197.24 396.72 221.52 418.87
car 212.83 385.65 231.07 399.76
traffic-light 408.63 350.39 414.93 364.61
traffic-light 346.06 343.68 351.58 367.95
car 398.56 430.83 431.27 459.72
car 265.41 329.74 280.12 342.6
car 255.56 314.45 266.29 322.35
car 354.93 400.62 380.21 424.37
car 217.57 372.78 237.36 387.47
car 226.01 363.51 244.18 377.71
car 371.74 388.11 393.52 407.96
car 185.81 415.12 214.63 438.3
car 345.34 432.79 378.42 459.7
bicycle 386.72 362.37 393.08 372.48
car 405.64 374.84 425.04 392.73
traffic-light 119.14 394.44 128.08 418.91
person 407.57 332.38 412.65 345.08
person 395.3 322.85 398.2 334.56
motorbike 175.68 449.38 193.15 470.74
car 112 289 358 479
