bus 3.03 104.67 604.25 290.12
suitcase 167.58 275.89 204.41 307.33
person 97.63 178.68 169.89 311.66
person 203.49 181.46 260.18 352.56
person 272.67 188.26 309.45 340.64
boat 603.37 106.85 640.0 196.92
backpack 308.54 197.46 585.84 307.86
handbag 358.03 201.79 377.79 267.19
person 338.12 180.88 368.34 330.97
person 379.57 177.98 422.44 320.43
person 429.92 172.05 478.67 323.99
person 507.83 180.24 541.31 301.62
person 474.88 187.12 509.83 309.22
person 579.74 181.5 633.74 305.74
person 288.64 188.55 359.07 357.63
person 524.41 197.07 556.53 297.97
person 414.68 186.04 440.82 306.56