bus 271.98 216.11 368.27 354.99
person 291.31 296.5 351.17 416.03
person 423.76 310.22 465.13 419.85
person 396.23 302.82 411.22 331.9
person 572.1 307.15 582.4 320.67
person 251.1 302.81 266.54 330.87
person 379.53 301.28 388.08 328.16
traffic-light 435.25 279.39 439.65 289.61
traffic-light 424.04 269.95 428.51 279.98
traffic-light 430.74 294.53 436.49 301.83
handbag 465.03 335.59 496.25 394.99
handbag 302.4 340.98 312.33 362.96
person 595.63 298.82 606.38 317.63
person 444.79 316.88 502.76 424.4
person 479.89 302.58 513.16 408.22
person 518.83 308.14 561.84 397.78
car 0 297.65 102.19 386.26
car 606.25 308.16 640.0 385.7
car 557.72 315.52 622.6 372.94
car 197.37 297.55 218.47 338.32
car 514.83 314.71 572.89 361.16
car 92.97 294.85 153.25 362.46
car 146.42 296.16 180.23 351.97
car 174.81 295.53 202.91 343.57
car 231.76 306.97 256.73 324.8
car 271.29 313.04 374.45 389.83
car 495.39 307.75 536.67 351.45
car 428.53 305.02 458.39 335.8
backpack 492.98 325.55 511.52 354.39
backpack 301.76 342.63 311.33 363.7
person 295.5 337.41 331.93 411.37
person 609.53 306.18 619.38 319.8
car 415.89 302.17 442.08 331.29
traffic-light 440.11 281.75 444.04 291.14
car 0 206 483 401
