skis 192.24 63.92 255.13 120.11
skis 317.59 114.79 354.99 193.83
person 227.53 361.97 238.22 372.15
person 211.26 82.78 256.73 140.09
person 284.53 343.99 311.27 376.9
person 357.16 357.3 373.97 375.35
person 302.07 345.53 327.13 377.67
person 418.61 350.43 432.75 368.75
person 328.87 135.42 390.28 186.4
person 212.29 392.22 243.08 425.76
person 200.94 385.34 227.23 410.25
person 125.64 336.06 150.87 365.88
person 207.11 390.75 232.1 415.98
person 192.64 377.35 216.4 403.28
person 179.26 375.13 199.84 395.71
skis 317.37 125.97 348.73 146.06
person 101 333 445 384