person 251.12 41.78 617.04 640.0
person 1.35 258.07 95.02 638.87
person 90.42 71.42 258.34 234.52
person 0.78 49.43 92.48 223.82
cake 90.65 492.45 197.07 563.19
person 224.34 94.39 303.22 226.48
person 106.04 38.94 159.85 98.73
person 185.14 49.74 229.69 132.74
person 239.37 43.34 300.62 97.66
fork 234.04 280.14 324.11 355.4
cake 232.02 508.03 333.88 556.3
chair 138.07 609.8 362.43 632.81
person 294.83 94.92 356.67 228.67
cake 219.28 528.72 432.51 607.64
person 202.78 72.58 272.84 159.58
person 68.58 54.2 109.96 207.29