bed 3.27 266.85 404.5 475.1
pottedplant 183.36 136.56 244.14 228.95
book 455.98 192.5 464.55 228.09
book 453.31 252.97 461.33 286.9
book 444.76 297.63 450.08 337.31
book 505.95 191.02 518.1 227.8
book 487.51 199.33 494.99 227.38
chair 244.82 230.45 349.54 318.14
pottedplant 347.35 212.37 429.86 355.37
book 460.91 191.67 490.24 227.71
book 527.02 248.57 551.42 289.0
book 519.39 193.43 523.47 227.62
book 497.39 55.43 501.47 82.79
book 524.32 97.38 527.12 135.15
book 493.36 155.72 525.95 162.08
book 454.66 245.27 503.21 257.41
book 461.77 253.68 470.01 286.99
book 416 43 569 346