snowboard 431.98 387.92 471.34 393.11
snowboard 484.27 408.83 531.21 418.17
person 376.59 330.09 441.36 425.0
person 461.48 311.67 536.3 424.72
person 441.04 323.79 466.03 391.17
person 607.51 297.69 640.0 410.48
person 148.64 334.83 152.25 344.82
person 146.3 354.18 155.71 385.12
person 91.12 353.89 109.66 381.05
person 419.34 307.26 430.44 319.08
person 175.71 347.85 183.57 371.93
person 116.1 351.9 120.96 366.76
person 0.99 350.46 16.57 380.74
person 193.7 347.93 208.96 381.86
skis 89.66 377.17 106.8 383.64
skis 179.52 371.41 186.42 373.38
person 181.23 347.1 188.66 371.89
skis 2.78 378.83 10.14 381.52
skis 605.8 406.77 640.0 412.97
skis 431.16 387.55 471.61 392.96
skis 205.18 381.06 210.63 381.92
person 22 304 520 416