baseball-bat 265.65 144.1 279.68 175.38
person 34.07 267.04 152.21 457.61
baseball-glove 228.67 236.57 246.05 248.67
person 145.38 187.59 219.67 282.65
person 210.07 201.72 252.15 281.16
person 242.28 171.3 295.34 289.15
person 34.04 138.15 73.94 197.15
person 90.33 137.21 127.15 174.3
person 275.2 124.72 306.6 174.42
person 494.95 144.28 525.19 196.77
person 433.08 144.06 460.9 178.18
person 28.81 56.53 47.32 83.52
person 441.23 124.15 468.55 161.27
person 388.41 104.72 416.54 142.33
person 301.48 91.5 334.5 132.15
person 112 122 589 204
