tvmonitor 210.49 0.1 436.02 141.43
cake 281.81 255.84 457.82 423.19
cake 102.91 226.98 261.61 378.95
cake 410.6 226.45 566.98 388.53
cake 465.51 161.58 567.46 201.98
cake 264.13 146.52 353.77 183.15
cake 0.96 301.04 103.87 423.19
cake 256.8 212.56 412.61 343.36
cake 344.32 175.05 467.43 236.6
cake 176.65 137.07 265.25 182.85
cake 131.77 196.21 251.99 243.33
cake 0 222.18 109.64 308.74
cake 7.53 181.7 127.35 252.84
cake 234.77 184.29 345.88 288.63
cake 472.09 205.29 601.87 241.71
cake 85 129 639 427