tvmonitor 96.59 57.41 298.63 194.4
book 338.62 328.64 352.63 394.12
book 594.78 348.78 639.44 361.58
book 539.65 332.09 590.98 347.14
book 331.56 422.57 373.04 432.67
book 296.67 322.23 318.47 396.15
book 590.17 327.17 623.53 350.55
book 599.86 245.97 639.55 308.44
book 614.4 399.45 640.0 430.5
book 314.81 326.68 333.61 394.77
book 543.61 319.13 591.73 333.17
book 310.74 326.32 324.66 395.37
book 332.2 328.96 346.96 392.26
cat 187.7 101.59 237.85 148.96
book 220.13 411.14 268.59 439.36
book 34 310 601 465