clock 297.42 79.59 342.13 125.48
traffic-light 362.19 106.1 381.53 160.03
traffic-light 15.85 91.65 45.43 159.26
traffic-light 107.61 124.24 133.74 179.23
car 584.3 236.5 639.57 308.98
car 504.77 231.23 590.58 295.76
car 436.3 244.67 506.37 286.05
car 391.28 239.39 446.04 279.82
car 325.18 230.66 368.17 252.48
car 249.47 239.91 292.35 266.77
car 223.55 239.36 257.27 262.76
car 291.96 227.69 312.52 247.62
car 201.96 232.28 233.56 256.74
car 359.28 236.75 399.2 261.55
car 238 213.45 261.67 230.29
car 283.37 224.69 308.02 240.29
car 329.72 242.67 349.51 258.03
pottedplant 0 243.12 51.05 307.54
car 166 205 344 245
