motorbike 16.39 255.93 95.43 395.71
motorbike 71.11 253.44 155.64 385.4
motorbike 142.83 257.36 191.58 376.0
motorbike 186.17 271.19 320.52 366.2
motorbike 312.68 251.54 372.55 354.44
motorbike 361.39 256.78 404.64 348.6
motorbike 430.93 252.95 490.67 338.42
motorbike 378.59 249.1 461.53 344.46
person 4.16 219.64 28.17 261.62
person 44.49 224.05 77.15 283.08
person 347.29 229.4 370.68 268.92
person 286.07 212.67 304.54 269.73
person 445.64 241.9 456.1 266.07
person 552.39 227.77 581.77 263.07
person 540.75 233.29 554.61 247.35
person 596.5 221.74 611.41 273.8
person 25.4 223.52 47.78 264.67
person 366.56 227.31 390.14 281.58
person 0 235.25 18 372.78
person 475.24 246.99 482.42 250.87
motorbike 559.27 250.04 612.35 325.18
motorbike 592.04 269.01 620.25 314.53
motorbike 600.4 260.87 639.45 297.17
motorbike 283.79 250.77 340.52 349.71
handbag 370.12 254.35 381.11 264.29
person 55.53 174.84 81.82 232.56
motorbike 457.22 251.68 527.28 336.9
motorbike 216 234 582 350