apple 288.27 140.28 309.51 174.34
banana 0 102.53 207.58 402.01
banana 146.03 118.2 480.0 389.92
orange 338.41 149.95 368.87 171.59
apple 374.25 168.35 397.56 181.58
apple 96.14 0.41 225.32 40.36
apple 356.84 0 480.0 61.19
orange 267.74 129.86 293.42 151.68
orange 278.24 151.36 291.08 171.6
orange 206.69 141.15 229.56 170.35
orange 101.4 1.66 229.4 39.9
orange 261.72 6 289.7 35.38
orange 231.98 5.47 262.48 28.16
orange 232.61 21.63 261.66 41.75
orange 282.62 30.38 316.35 42.83
orange 280.15 12.01 313.37 31.08
orange 301.9 1.66 329.14 35.57
orange 313.66 17.48 348.05 40.6