refrigerator 224.46 114.24 417.4 326.28
cup 148.6 252.46 171.69 279.67
cup 118.01 269.13 151.59 294.07
bowl 108.6 307.05 181.96 350.14
bowl 208.6 279.24 285.33 312.05
handbag 422.41 174.4 476.7 321.84
person 69.41 129.07 158.91 287.74
person 161.78 98.6 248.9 291.02
person 520.99 120.41 633.24 420.72
backpack 562.39 193.44 640.0 289.28
cup 135.79 294.07 151.29 311.28
cup 168.41 283.4 185.23 312.8
knife 0 293.32 68.22 304.99
book 448.31 225.77 508.41 272.46
person 610.41 143.16 640.0 223.85
person 434.62 123.49 555.24 426.0
person 560.12 101.52 623.05 205.96
cup 184.04 269.21 200.0 296.96
cup 172.69 270.42 184.68 285.9
oven 0 214.84 36.28 285.88
person 0 112.86 91.84 287.69
diningtable 0 249.93 217.08 426.0
cup 165.5 290.71 180.17 311.61