bicycle 551.08 252.79 638.38 314.72
motorbike 243.07 243.12 252.11 258.18
motorbike 182.7 242.07 219.65 287.34
bus 252.4 131.6 440.09 327.91
person 194.05 223.17 216.6 274.32
person 420.32 225.21 461.91 332.78
person 507.13 228.73 517.29 266.34
person 550.86 230.35 571.87 279.37
person 586.2 230.95 606.75 285.53
person 208.34 227.45 224.51 274.12
person 478.91 226.37 505.28 307.24
person 498.86 226.78 540.84 327.88
person 454.7 229.43 463.87 248.27
person 243.3 224.84 255.76 246.91
person 104.12 227.47 119.38 257.61
person 138.23 226.64 147.66 260.25
person 461.27 231.56 474.68 294.13
person 47 175 639 307