person 206.74 90.27 380.39 308.73
cup 299.91 136.56 319.16 165.71
person 339.34 125.74 396.88 264.55
banana 423.89 306.59 453.26 339.69
banana 371.42 340.77 390.63 365.22
banana 324.23 332.12 362.66 355.14
banana 396.08 253.68 467.83 313.0
banana 353.39 265.97 396.55 342.78
banana 379.26 300.98 417.84 349.12
banana 451.06 313.15 481.13 349.85
banana 123.74 202.03 149.97 220.45
apple 208.09 315.48 227.77 335.02
apple 140.42 347.67 165.78 372.37
apple 75.25 308.21 296.26 409.23
banana 326.77 333.05 377.88 377.49
banana 312.49 309.22 358.35 328.87
banana 324.23 276.62 360.93 299.43
banana 456.22 286.67 502.41 316.07
banana 130.11 217.85 144.37 227.83
banana 100 181 517 401