skis 293.73 246.18 344.93 254.92
skis 91.39 227.16 168.48 239.66
person 100.93 132.12 160.09 236.05
person 190.42 52 203.89 74.81
person 97.78 41.45 107.49 60.19
person 294.48 160.94 341.23 255.1
person 236.75 121.55 258.86 173.23
person 500.19 159.68 550.19 253.02
person 503.08 131.97 531.98 178.58
person 261.03 101.65 288.52 137.39
person 464.73 86.24 479.33 122.24
person 555.74 81.75 577.22 108.51
person 449.99 56.61 468.22 77.72
person 276.4 63.51 287.17 86.13
snowboard 123.23 61.84 141.05 68.1
person 284.68 66.2 298.77 96.54
snowboard 225.16 167.78 267.28 175.42
skis 225.82 168.77 267.34 173.43
skis 449.97 117.49 489.48 123.34
skis 260.35 134.79 284.86 139.6
skis 436.01 113.64 444.63 115.24
skis 495.95 83.6 504.96 85.78
skis 622.9 143.82 636.78 149.37
skis 288.73 93.55 298.35 98.61
skis 566.21 106.88 578.97 110.66
person 11 0 639 158