tvmonitor 0.76 288.8 41.64 441.93
sofa 288.43 251.92 569.75 408.8
chair 0.26 283.71 14.71 311.06
book 220.62 350.42 274.28 372.31
book 42.07 430.13 86.9 442.51
book 39.82 417.9 83.18 431.7
chair 318.36 374.1 593.84 471.64
diningtable 187.58 324.59 334.8 421.22
chair 78.68 277.71 116.38 307.44
chair 66.9 408.86 341.95 470.81
chair 533.12 240.87 640.0 330.88
chair 49.83 269.19 69.65 304.28
book 40.06 424.91 82.93 436.33
book 29.99 376.31 72.22 388.38
book 592.68 217.59 611.53 225.87
book 36.59 400.98 84.27 425.17
cup 240.33 346.09 253.23 378.25