person 204.31 98.02 219.97 146.22
person 70.07 114.42 78.94 136.51
kite 135.11 172.27 205.47 239.9
kite 218.01 171.25 253.26 221.1
kite 356.55 168 463.25 255.48
kite 258.99 192.19 326.86 246.92
kite 335.19 171.99 358.96 234.23
kite 354.28 135.33 368.63 158.08
kite 317.12 132.47 332.13 167.19
kite 273.77 128.12 311.23 157.88
kite 61.92 191.81 145.03 219.01
kite 373.94 135.78 400.24 168.77
kite 239.78 128.35 253.26 154.56
kite 33.72 197.29 61.5 229.65
person 47.03 123.98 52.62 137.03
person 347.44 135.85 356.94 148.57
person 31.99 124.67 35.84 137.84
truck 461.58 109.48 492.44 135.34
kite 0 187.4 40.27 225.96
kite 1 106 444 191