bicycle 610.91 224.22 640.0 256.75
bicycle 528.62 221.36 556.83 264.01
bus 81.2 83.2 458.52 328.7
person 581.92 200.98 615.44 280.02
person 24.75 209.22 35.29 226.96
person 36.1 213.43 45.81 241.36
bicycle 553.3 215.54 579.69 265.2
person 504.71 221.03 533.71 282.92
person 474.83 218.92 500.21 286.93
bicycle 570.35 220.91 591.6 262.25
bicycle 494.93 223.53 506.31 260.77
bicycle 492.45 212.97 508.45 228.05
bicycle 480.72 213.22 494.3 223.13
bicycle 454.2 223.41 480.09 257.86
person 517.79 200.05 527.08 212.11
person 205.71 185.8 234.01 234.09
person 532.55 197.22 541.96 217.56
person 360.03 179.19 396.17 215.87