bird 104.18 255.71 533.45 311.02
bird 594.1 332.61 629.01 369.65
bird 474.75 353.54 500.46 398.53
bird 184.41 359.68 221.26 391.61
bird 115.05 365.36 141.58 406.95
bird 563.61 384.42 590.18 419.89
bird 163.43 349.21 191.98 385.79
bird 172.88 375.81 233.64 414.18
bird 245.03 364.9 275.7 395.85
bird 301.93 373.81 331.08 406.11
person 310.53 148.35 438.32 399.95
person 437.65 79.5 467.31 156.08
bench 12.5 175.51 527.02 405.36
cup 375.84 405.47 418.36 427.0
bird 230.43 356.06 250.35 386.27
person 374.08 94.48 398.71 108.34
person 46.24 93.43 58.19 123.98
person 464.9 84.82 485.1 124.03
bird 118.25 168.83 148.28 226.06
bird 193 343 396 426