car 509.59 252.24 638.87 425.47
car 0.91 186.57 81.59 274.26
truck 88.07 53.45 455.68 391.38
traffic-light 553.59 100.11 566.36 132.19
traffic-light 158.08 42.48 181.78 76.92
person 613.61 162.92 640.0 220.48
person 582.36 169.63 594.54 191.99
person 539.35 169.76 554.04 205.67
person 591.73 165.63 600.1 208.71
person 628.33 164.19 635.79 180.68
person 568.85 164.4 572.6 179.43
bus 0 143.39 91.12 200.9
traffic-light 550.35 138.89 563.49 151.74
person 554.35 167.14 569.63 212.52
person 612.73 160.03 625.18 211.98
car 600 161.08 614.72 193.1
fork 474.67 81.04 482.02 102.48
fork 218.23 109.5 227.48 187.48
fork 97.33 172.17 113.22 271.35
knife 267.43 107.01 276.1 190.19
