tvmonitor 314.33 107.23 364.89 173.81
suitcase 287.85 228.32 367.0 303.04
suitcase 267.13 317.7 425.56 370.79
suitcase 197.73 193.19 230.37 223.26
suitcase 195.01 217.73 254.42 266.33
suitcase 214.89 228.23 299.16 318.4
suitcase 164.45 176.62 191.32 192.8
person 42.56 135.02 113.16 374.9
person 136.38 142.13 166.8 215.84
suitcase 171.84 197.56 195.35 215.86
suitcase 163.54 175.82 178.36 187.97
tvmonitor 223.88 131.26 227.4 135.76
tvmonitor 248.06 130.94 251.74 136.15
person 87.81 139 98.37 177.47
person 477.58 137.58 493.51 174.19
person 469.54 141.92 479.86 172.49
person 438.8 142.69 461.73 170.2
person 413.21 135.85 427.95 166.9
person 386.6 142.43 401.97 164.01
person 172.26 139.27 183.44 164.77
person 98.25 139.5 112.3 160.9
person 209.34 138.65 220.88 159.88
handbag 101.93 267.39 112.55 281.05
suitcase 185.39 211.64 214.67 245.07
suitcase 162.74 164.34 196.59 182.24
person 155.11 143.22 169.23 156.55
person 134.07 141.7 144.46 188.58
tvmonitor 209.25 130.31 220.79 136.71
person 43 136 469 173