traffic-light 222.62 217.82 241.81 238.93
car 175.47 331.97 254.8 389.26
car 50.5 329.7 130.23 384.96
car 271.09 333.28 300.9 375.74
car 324.14 327.88 405.3 362.32
person 352.86 331.89 358.26 338.36
car 235.12 259.76 262.24 281.4
car 149.41 329.51 186.69 363.97
car 175.98 322.46 218.97 335.41
car 115.33 328.19 175.68 375.86
car 268.72 327.69 306.11 372.73
car 274.33 324.54 315.68 368.09
car 203.47 304.48 231.38 322.91
car 213.31 317.24 280.18 382.68
car 186.05 312.67 220.83 324.07
truck 166.12 289.99 200.29 320.96
car 59 253 311 337
