chair 405.9 65.61 418.3 90.62
chair 498.82 58.54 512.46 68.35
chair 2.16 108.94 11.87 204.94
person 207.1 0 359.19 174.74
person 406.56 0.62 640.0 238.92
person 6.65 0.35 175.16 203.02
person 415.13 25.69 475.4 98.85
person 509.89 16.44 551.27 100.02
cup 235.37 165.57 270.11 215.41
cup 297.2 224.93 344.82 279.2
spoon 421.34 182.27 460.97 221.9
bowl 270.9 175.11 349.6 225.24
bowl 585.31 223.61 640.0 264.75
bowl 42.07 453.03 152.09 474.61
bowl 24.51 199.27 92.97 233.35
diningtable 0 148.05 640 473.53
diningtable 360.51 90.72 525.45 138.01
bowl 493.08 78.61 502.9 82.86
bowl 251.73 246.39 299.13 273.96
bowl 0 435.19 32.36 480.0
carrot 280.71 372.03 294.43 416.79
carrot 292.27 363.2 308.01 408.16
carrot 219.2 222.68 232.69 254.16
carrot 211.14 226.26 222.16 254.85
carrot 226.74 218.08 255.36 258.63
carrot 307.12 367.35 373.1 408.94
carrot 306.8 385.38 368.4 435.39
carrot 97.91 420.44 147.16 460.02
carrot 289.08 383.14 303.0 414.17
chair 400.45 101.67 492.96 199.01
diningtable 479.04 83.4 513.83 94.12
cup 363.65 159.49 395.01 208.12
cup 149.97 170.3 191.07 198.88
cup 219.13 171.26 237.68 202.93
cup 468.27 80.16 480.74 103.69
bowl 448.83 367.79 640.0 472.52
carrot 265.79 388.92 333.02 448.96
chair 330.15 77.69 401.37 163.16
chair 209.85 117.27 220.71 168.28
cup 561.03 245.02 620.44 303.99
cup 585.35 298.82 640.0 411.24