chair 0 377.18 110.74 480.0
chair 493.76 310.66 599.47 480.0
chair 598.56 223.28 635.33 313.89
diningtable 211.54 211.74 374.77 459.8
person 230.31 113.13 343.32 261.65
person 411.75 88.22 639.25 439.28
person 0 98.38 258.38 480.0
person 139.15 124.04 217.89 284.76
cup 267.77 246.59 306.35 312.94
bowl 298.18 242.1 351.96 276.47
person 304.64 114.77 545.2 472.24
person 485.95 93.21 612.67 251.4
cup 293.43 218.5 323.04 246.95
cup 208.59 244.75 247.93 303.88
cup 347.23 235.36 381.47 279.27
fork 304.64 302.76 339.41 309.91
person 0.93 107.27 49.43 187.97
cup 324.42 216.78 349.12 241.13
cup 340.7 211.2 364.62 235.31
pizza 300.69 309.79 343.55 325.68
chair 208.35 222.38 231.93 254.27