tvmonitor 159.09 230.5 347.36 463.65
clock 266.9 248.82 285.14 275.32
clock 505.01 200.32 527.25 225.22
book 484.01 356.31 511.66 407.29
book 474.73 354.79 500.01 407.08
book 436.99 338.68 463.1 395.82
book 463.95 342.83 492.09 403.39
book 497.01 368.62 506.99 410.35
book 509.95 366.89 526.18 414.98
book 526.62 365.98 532.69 418.17
book 531.53 368.68 548.62 421.55
vase 438.35 197.43 463.44 222.53
book 454.75 342.76 475.51 399.75
book 569.27 363.83 592.15 428.01
vase 494.8 290.44 510.73 328.33
person 42.66 207.17 79.62 257.75
person 18.25 32.16 34.35 80.62
chair 572.26 302.96 640.0 480.0
pottedplant 567.54 145.12 640.0 240.11
pottedplant 389.82 67.23 452.7 139.83
person 31.45 104.54 69.78 171.18