dog 297.73 252.34 357.94 360.79
person 175.2 1.91 323.6 332.22
knife 13.89 0 22.17 42.04
cup 159.33 127.12 181.65 144.37
cup 361.61 70.87 380.17 87.17
fork 43.62 0.39 53.25 49.84
spoon 68.54 0.17 81.22 51.39
spoon 82.01 64.96 86.49 90.83
cup 330.89 60.37 345.07 77.11
cup 331.4 80.38 346.26 97.17
cup 334.53 95.48 350.65 112.71
cup 355.63 51.58 371.82 72.06
cup 349.41 91.55 359.63 109.59
cup 358.62 91.67 375.01 107.1
cup 349.77 74.72 364.42 89.69
sink 197.74 134.03 248.98 153.14
spoon 50.16 60.69 61.66 87.84
cup 354.87 151.04 367.0 161.97
cup 335.49 136.7 346.49 146.34
cup 344.17 57.09 356.54 74.19
cup 340.97 147 350.44 157.48