bottle 333.18 166.56 346.31 184.18
person 0 86.37 92.19 335.69
cup 244.38 166.95 268.2 198.81
cup 354.01 305.23 397.55 366.46
cup 343.24 164.19 368.0 215.46
cup 163.07 199.85 187.2 241.47
spoon 129.84 340.88 169.35 491.05
spoon 187.42 408.97 329.74 525.96
spoon 186.7 286.91 248.83 302.38
spoon 45.16 302.02 99.38 335.81
person 67.22 77.37 194.91 248.57
person 168.81 51.89 277.14 224.47
bottle 319.3 159.25 333.94 217.55
bottle 303.22 175.13 323.42 219.09
bowl 97.8 419.96 264.63 568.09
pizza 62.42 317.95 162.82 369.76
person 329.82 227.82 409.0 317.0
person 391.93 92.31 409.0 146.5
chair 133.41 114.23 214.86 222.65
diningtable 0 207.79 409 628.36
spoon 373 373.64 409 396.8
person 260.02 48.71 325.86 153.63