boat 139.61 345.59 290.07 384.0
person 269.29 265.8 338.59 385.77
person 247.12 275.18 282.41 355.55
person 213.62 276.56 230.45 290.55
person 199.75 280.11 211.66 293.92
person 192.69 271.95 202.39 284.83
car 510.98 239.18 526.5 247.19
car 487.79 237.2 506.91 244.62
car 481.17 238.56 492.52 243.93
car 470.3 236.47 488.04 244.55
boat 330.51 249.1 408.1 270.53
boat 176.24 287.43 243.59 303.65
boat 142.11 280.18 232.93 298.65
person 202.82 250.99 209.88 261.58
person 608.75 315.72 628.64 339.96
person 202.85 271.71 212.45 289.13
person 189.85 256.62 196.24 270.04
car 454.86 236.83 465.51 244.58
car 544.35 236.46 561.7 243.88
boat 243.06 252.44 287.14 265.67
boat 271.36 242.77 302.15 262.83
boat 196.24 263.15 243.26 279.35
boat 574.11 273.78 615.35 284.23
boat 276.97 199.96 336.21 261.09
surfboard 153.03 333.36 278.52 354.79
person 600.24 265.52 608.35 273.25
car 497.72 238.74 507.44 244.66
car 463.39 237.82 474.97 245.45
car 507.93 235.55 515.87 243.09
boat 37.88 248.97 114.05 261.3
boat 0 244.52 41.37 269.79
boat 473.21 240.86 534.73 267.44
surfboard 80.19 367.2 184.14 426.0
person 581.29 265.2 591.96 278.71
person 228.31 250.08 234.42 260.06
person 591.58 268.97 598.8 276.78
boat 391.52 245.85 422.25 263.71
boat 76 369 189 425