sofa 286.51 228.65 473.78 312.82
chair 60.17 264.66 124.46 351.14
diningtable 94.09 234.18 202.04 339.73
oven 354.33 320.9 584.49 420.22
sink 521.62 272.54 639.82 332.98
bowl 111.24 266.64 122.26 270.38
orange 291.85 324.78 303.5 338.33
orange 282.87 318.47 298.51 327.25
chair 70.16 256.44 100.33 277.29
chair 190.45 242.28 213.15 269.63
chair 183.15 252.21 232.01 329.67
chair 209.42 244.58 223.74 265.22
orange 296.49 306.87 307.24 318.56
orange 314.21 322.39 328.48 337.63
orange 302.14 328.04 316.38 340.08
orange 307.03 310.77 322.03 326.21
chair 82.37 251.29 97.44 275.0
pottedplant 368.62 178.98 383.67 195.74
vase 553.3 193.92 618.42 261.79