chair 60.72 240.87 169.52 394.0
chair 557.3 237.9 640.0 326.14
sofa 427.65 176.6 610.95 244.68
diningtable 46.35 189.12 249.38 278.12
bench 175.3 211.9 288.95 337.2
book 39.87 125.03 56.16 160.88
book 50.9 89.06 55.87 109.67
book 44.94 61.66 47.65 80.84
book 79.61 94.45 85.4 111.44
book 108.19 74.49 120.37 91.77
book 81.35 94.46 87.48 112.74
book 115.98 97.6 122.33 114.33
book 43.97 158.97 46.67 176.06
book 94.41 158.45 101.24 180.54
book 56.38 124.5 68.63 154.39
apple 199.45 192.27 208.55 200.95
apple 191.36 194.54 199.51 201.38
apple 183.63 192.64 192.63 201.04
chair 95.7 202.58 119.19 222.47
chair 43.26 218.11 79.96 338.78
chair 209.91 174.21 261.98 239.19
pottedplant 136.34 115.51 200.29 198.76
book 35.15 159.88 37.32 170.57
vase 268.76 157.45 278.44 172.09
book 48.97 183.72 53.45 204.15
book 47.06 168.45 76.61 177.64
vase 401.96 160.61 413.49 173.61
chair 133.04 190.97 150.28 204.26
book 26 55 139 284