bicycle 366.1 359.97 461.69 427.0
bus 47.02 313.77 126.66 354.07
person 305.46 335.83 316.32 362.07
person 248.7 335.28 256.06 362.09
person 237.5 336.79 244.03 361.39
person 393.56 315.76 435.45 418.31
person 448.95 336.08 459.11 348.24
person 150.29 336.74 157.56 355.99
person 183.64 341.12 192.37 356.21
clock 70.7 110.55 99.64 137.62
clock 45.75 112.19 55.03 136.44
truck 559.66 305.23 639.86 361.15
truck 534.45 319.16 572.37 357.08
traffic-light 157.73 289.08 166.6 320.36
traffic-light 304.56 311.69 317.57 326.36
person 127 333.19 135.77 367.82
person 85.82 336.23 102.73 369.5
bus 16.42 320.48 48.32 352.03
traffic-light 318.03 315.94 323.0 324.89
traffic-light 212.64 312.06 224.31 325.5
person 253.52 335.38 261.23 361.26
person 132.19 335.82 151.96 368.0
motorbike 490.51 342.49 507.6 360.51
handbag 428.85 364.21 457.23 382.21
person 441.44 338.52 447.34 357.96
backpack 308.11 340.01 315.35 351.46
person 277.72 335.56 285.28 363.3
motorbike 219.79 346.66 235.16 357.35
person 21 333 541 373
