person 372.15 164.7 397.44 206.49
person 496.11 181.02 512.65 202.0
person 545.72 188.89 571.61 201.91
person 456.62 162.89 472.8 174.83
person 205.6 160.18 216.18 177.42
person 171.46 167.27 195.92 190.27
person 140.54 169.01 161.6 193.17
surfboard 546.22 196.6 557.56 201.03
surfboard 370.31 206.16 413.03 213.92
surfboard 202.47 167.59 229.22 177.25
surfboard 108.93 178.45 124.55 186.65
surfboard 408.38 151.52 431.4 173.4
surfboard 9.54 201.33 64.59 210.83
person 422.91 179.49 434.91 194.57
person 24.42 190.98 42.24 211.1
person 95.34 164.4 110.83 187.71
person 549.04 156.5 564.22 171.29
surfboard 415.64 179.81 440.07 193.94
person 259.56 169.59 268.99 196.01
person 155.2 166.02 164.49 175.45
surfboard 250.22 169.57 280.97 189.0
person 24 167 282 178