car 447.04 207.37 500.0 312.64
car 299.68 206.97 455.57 310.65
car 325.81 139.58 456.98 212.46
car 211.2 224.03 299.14 283.58
car 227.09 161.61 330.01 219.88
car 164.6 227.33 224.25 282.45
car 187.59 178.25 247.98 226.4
car 122.93 240.53 171.07 284.11
car 151.01 192.41 188.76 224.88
car 97.93 249.62 129.16 283.88
boat 0 1.52 500 215.62
person 104.45 226.23 120.51 243.47
car 126.86 201 156.21 232.27
person 400.36 92.29 451.21 138.25
person 340.04 250.24 369.29 273.91
car 72.61 253.53 98.56 284.09
person 436.99 88.17 464.77 122.76