chair 256.14 235.7 417.58 306.73
chair 115.12 174.21 207.82 286.2
chair 184.47 185.36 305.89 293.63
chair 135.17 157.67 152.56 169.77
diningtable 4.31 274.88 637.48 474.43
diningtable 430.68 105.1 496.28 133.29
person 322.87 109.78 640.0 414.35
cup 308.88 315.28 398.21 471.34
cup 35.44 402.79 161.07 480.0
pizza 38.74 337.94 235.7 452.02
book 467.74 365.17 639.7 480.0
chair 243.09 151.93 320.39 187.57
chair 401 151.08 443.17 283.31
chair 369.12 140.2 408.81 240.19
chair 114.57 160.99 133.5 169.16
chair 456.78 112.74 487.21 149.62
chair 516.28 86.85 531.17 108.31
diningtable 153.35 173.3 376.52 276.78
diningtable 436.36 144.62 460.05 169.56
person 520.86 54.09 565.99 104.77
person 489.86 62.45 513.42 93.19
person 574.99 28.54 639.86 215.49
chair 38.97 168.01 105.83 281.54