sheep 521.48 297.95 549.37 346.88
sheep 385.28 292.42 408.7 343.42
sheep 410.94 294.65 434.6 336.76
sheep 455.31 294.4 477.97 339.02
sheep 427.31 283.98 447.36 330.08
sheep 308.22 280.87 321.42 291.09
sheep 349.03 288.28 371.8 340.04
sheep 368.26 290.94 384.37 339.71
person 317.7 256.74 338.62 296.81
person 288.92 262.53 303.69 300.58
sheep 444.2 293.18 458.01 330.11
sheep 475.25 290.9 493.33 337.8
sheep 494 294.69 520.36 337.08
sheep 322.94 292.04 336.85 326.26
sheep 334.3 289.38 350.99 324.9
truck 161.35 258 201.15 286.21
cow 366.77 287.84 389.26 337.87
cow 457.18 293.99 479.71 338.1
cow 436.15 269.52 476.84 297.93
cow 468.84 266.69 509.53 296.1
cow 420.34 273.16 440.03 288.53
sheep 262 265 530 312