chair 2.57 200.53 254.12 430.27
diningtable 10.84 243.52 640.0 471.06
person 49.26 96.91 254.71 424.61
person 259.64 39.78 450.81 357.26
knife 324.7 346.98 368.46 411.27
knife 182.86 405.66 298.15 437.19
cake 441.01 349.65 471.54 374.5
cake 174.53 358.04 526.17 480.0
fork 563.94 379.43 591.01 423.45
fork 437.01 342.94 454.29 352.33
fork 459.86 328.97 498.45 337.03
knife 93.72 435.2 227.3 455.87
cake 547.17 392.43 576.07 423.89
diningtable 556.58 154.52 640.0 210.61
knife 437.45 343.18 454.24 351.74