bottle 236.03 249.58 255.47 292.21
diningtable 0 265.91 478.11 630.54
person 45.06 0.42 362.27 434.74
bottle 255.34 256.02 266.48 285.38
bottle 191.79 238.91 213.22 288.36
sandwich 259.21 365.32 350.8 448.27
bowl 191.28 497.62 345.17 618.43
bowl 372.06 356.27 471.49 417.16
bowl 370.5 495.54 452.51 612.6
cake 257.74 365.93 350.97 443.14
cake 203.8 371.64 262.73 435.92
person 270.99 65.59 480.0 611.89
spoon 283.91 553.05 320.22 598.75
bowl 173.06 592.6 224.18 639.45
bowl 117.14 571.12 178.63 610.98
bowl 80.86 552.97 133.44 601.8
bowl 37.34 530.4 97.64 567.16
bowl 136.4 537.44 185.67 581.34
bowl 215.99 615.49 276.06 640.0
bowl 320.34 555.3 415.37 640.0
oven 0 210.32 49.5 471.35
bottle 266.35 261.23 271.42 278.64
cup 320.83 556.88 418.91 630.03
bowl 381.88 410.79 476.53 505.43
sandwich 0 459.12 33.06 522.9