tvmonitor 352.62 201.36 383.97 240.12
backpack 568.62 160.92 608.9 213.6
handbag 84.74 240.42 111.15 321.06
handbag 204.02 217.04 228.54 275.84
suitcase 266.97 303.37 324.4 355.96
person 249.85 184.09 291.05 360.0
person 93.58 127.59 638.83 353.9
handbag 271.07 253.9 329.69 313.78
handbag 520.35 191.24 543.12 221.42
suitcase 557.42 212.1 638.63 269.53
suitcase 539.72 255.13 557.4 306.36
person 544.39 203.26 559.93 219.2
person 548.46 185.2 558.03 199.14
tvmonitor 19.67 133.25 86.2 211.82
tvmonitor 463.49 74.01 491.8 126.64
tvmonitor 177.29 91.5 264.26 163.7
tvmonitor 315.29 217.63 354.83 247.03
suitcase 526.9 221.44 548.29 256.27