remote 118.33 355.77 227.75 402.28
remote 343.91 182.89 374.62 205.0
person 285.8 98.4 332.34 186.26
person 258.12 110.27 295.45 230.3
person 169.84 0.96 338.72 422.2
person 83.07 61.13 187.88 209.82
person 2.47 52.44 150.81 316.44
person 68.39 42.24 114.55 171.56
person 373.35 77.83 409.86 172.76
person 520.89 77.98 564.68 313.86
person 483.79 99.55 527.91 273.25
person 329.13 80.6 420.28 409.73
person 433.92 67.54 512.0 296.69
remote 21.24 308.24 97.35 353.49
person 255.01 74.14 292.99 134.32
remote 287.94 156.16 312.51 184.45
remote 308.06 275.45 334.51 285.86
remote 312.61 212.32 339.38 239.82
person 307.97 87.22 329.42 112.34
person 301 62 542 211