horse 234.9 272.4 427.97 398.44
car 468.69 273.48 526.87 291.19
person 166.61 237.04 220.35 328.09
person 139.38 275.05 163.46 308.26
person 129.82 277.39 151.72 307.01
person 112.19 273.14 135.27 338.77
person 310.93 268.45 336.75 292.63
fire-hydrant 553.76 320.23 590.91 391.41
handbag 117.22 290.12 132.9 316.74
handbag 398.18 334.01 410.58 360.29
car 412.35 274.61 460.41 291.18
car 621.25 275.43 637.94 282.34
stop-sign 430.93 251.16 439.79 260.18
backpack 118.26 297.96 132.66 316.78
person 374.75 304.29 408.3 382.16
person 319.52 342.81 338.99 379.39
