cat 217.33 139.78 263.84 221.17
person 145.04 11.4 175.32 75.97
person 259.35 60.66 360.54 217.12
person 225 4.21 293.26 156.74
person 335.61 93.03 345.23 105.67
person 346.61 77.13 360.86 142.38
person 356.95 82.58 378.23 147.87
cell-phone 246.61 29.31 262.7 39.19
person 76.53 20.25 158.11 238.56
person 294.78 23.36 335.76 87.93
handbag 267.45 92.29 298.13 155.27
person 161.69 62.34 230.84 224.03
cell-phone 149.44 86.82 167.77 97.39
person 109.78 33.43 230.9 226.46
person 390.3 146.77 437.22 189.83
person 113.79 0 148.72 19.19
