person 272.59 563.81 284.44 601.06
person 184.69 565.38 187.34 572.23
person 235.3 561.14 244.64 576.18
person 98.75 556.28 116.53 608.88
person 116.63 556.89 123.15 566.46
person 123.7 554.39 129.98 566.17
person 146.59 554.86 152.04 568.49
person 156.96 553.95 163.5 572.18
person 171.64 557.77 177.33 571.4
person 192.45 555.63 198.26 576.38
person 221.04 562.92 230.29 576.38
kite 333.08 398.9 350.91 412.22
kite 266.01 474.51 273.97 482.6
kite 235.41 510.38 238.54 514.61
kite 186.51 481.3 194.77 491.51
kite 75.9 418.95 86.95 425.82
kite 45.98 497.12 56.9 503.98
kite 382.46 456.01 390.81 474.29
kite 394.52 480.5 400.11 490.25
kite 400.96 316.42 411.99 336.33
kite 179.7 467.67 187.29 474.13
kite 77.69 379.21 81.33 382.18
kite 310.78 318.68 323.77 337.48
person 67.32 549.68 89.91 601.42
kite 401.78 316.48 406.18 321.46
person 313.88 564.53 319.15 582.08
person 0 532 427 602
kite 19 312 423 554