bicycle 546.64 267.6 640.0 354.93
bicycle 508.54 268.56 529.32 315.74
orange 92.33 337.82 112.17 355.9
handbag 419.25 243.03 500.59 391.17
bicycle 397.48 338.92 489.21 425.99
person 396.83 204.62 509.17 426.48
person 583.51 219.64 622.91 280.53
person 551.68 223.28 584.12 296.14
person 484.11 228.33 516.21 323.79
person 459.2 221.47 485.46 310.93
person 355.06 212.51 393.77 349.56
person 350.36 227.84 375.44 356.05
bicycle 386.07 261.89 407.01 309.92
truck 75.98 61.55 351.99 355.83
handbag 492.08 255.79 518.33 291.39
person 411.65 222.62 427.96 241.81
person 515.5 223.94 544.4 323.7
orange 131.96 357.87 140.9 366.52
orange 0.07 346.94 140.55 391.31
orange 109.43 339.52 224.03 385.71
backpack 575.28 241.11 602.28 276.38