sofa 0 175.73 81 413.26
chair 382.06 227.91 538.0 425.0
chair 470.13 176.88 501.41 225.76
chair 605.48 164.89 640.0 277.3
diningtable 217.26 242.15 488.85 349.83
person 145.1 93.59 301.07 315.57
person 50.96 148.83 278.58 422.98
person 79.72 145.65 208.45 370.25
person 261.41 93.73 319.84 159.52
person 365.18 101.43 476.29 271.17
person 400.09 88.96 459.57 160.06
wine-glass 322.48 242.84 351.98 305.89
wine-glass 362.74 215.71 386.33 270.27
wine-glass 275.33 146.08 331.45 216.73
bowl 290.09 256.05 319.42 279.34
person 211.76 113.49 239.78 186.43
person 361.15 90.38 396.12 166.59
wine-glass 347.71 158.25 362.31 185.89
wine-glass 329.04 237.92 356.15 265.04
diningtable 230.39 144.36 379.59 210.96
person 619.73 129.06 640.0 176.83
bench 0.56 126.75 177.18 423.7
wine-glass 376.23 140.69 389.31 153.43
sofa 128.74 109.58 379.04 187.26
