person 41.99 133.51 287.84 552.3
wine-glass 355.2 409.64 419.05 574.91
wine-glass 327.33 269.91 337.92 295.29
bottle 213.02 372.97 256.54 430.23
bottle 51.56 0.72 75.87 51.34
bottle 84.46 1.61 102.78 57.72
bottle 263.64 17.37 294.17 104.5
bottle 147.54 0 163.97 61.8
bottle 129.51 18.09 146.08 68.0
bottle 311.97 67.51 331.04 112.59
bottle 332.46 71.3 346.21 116.57
bottle 42.02 143.03 71.83 160.39
bottle 172.47 7.21 184.87 41.31
bottle 342.56 76.66 352.82 117.64
wine-glass 344.48 263.89 359.01 296.01
wine-glass 365.99 260.09 375.55 293.07
wine-glass 356.28 265.61 366.82 284.78
cup 244.49 438.21 375.37 628.05
person 366.6 477.53 480.0 556.02
bottle 233.91 21.9 251.09 93.8
bottle 360.05 83.4 372.68 120.98
wine-glass 336.74 266.45 346.53 293.61
person 435.54 258.83 480.0 410.81
wine-glass 358.7 280.43 366.63 294.75
bottle 23 41 479 457
