frisbee 143.97 265.86 177.66 303.41
frisbee 75.5 263.78 92.23 311.79
frisbee 393.16 178.69 431.08 219.73
frisbee 516.85 230.02 559.53 278.54
person 60.49 115.01 135.97 403.14
person 516.18 206.82 571.08 390.88
person 115.08 152.26 180.93 364.33
person 155.62 97.22 235.46 356.91
person 224.92 111.37 294.46 347.13
person 326.83 112.18 390.47 346.25
person 372.13 122.97 447.64 359.19
person 484.73 116.79 572.61 391.71
person 283.75 130.64 341.76 351.05
person 390.74 101.86 506.46 370.88
person 72.49 131.12 164.14 229.53
frisbee 243.3 163.9 280.14 197.06