chair 578.28 220.73 630.49 292.34
chair 423.18 197.62 506.05 257.4
chair 0.59 89.59 22.85 120.49
chair 123.36 204.96 139.03 255.81
person 350.54 208.8 567.36 426.0
person 278.25 108.09 355.23 212.7
person 470.04 124.45 602.14 294.85
person 114.88 193.38 196.25 345.59
person 130.49 129.05 213.0 266.25
person 338.54 37.18 396.69 171.86
laptop 294.8 238.47 374.91 328.01
laptop 511.2 300.48 606.93 400.04
backpack 144.44 324.62 281.11 426.0
person 143.6 178.72 333.14 417.09
bottle 556.61 280.06 576.76 341.66
chair 4.29 220.52 58.63 369.11
chair 4.71 134.25 36.11 203.75
laptop 373.52 237.17 415.37 284.79
laptop 483.39 263.58 541.39 300.7
laptop 261.41 188.46 355.77 249.5
laptop 251.31 226.6 281.78 276.79
chair 62.29 318.67 206.14 426.0
diningtable 8.42 149.27 115.53 241.84
diningtable 250.07 188.1 640.0 419.36
laptop 316.11 78.84 347.15 100.16
person 322.83 108.72 431.55 251.83