chair 26.58 279.93 52.5 305.18
person 53.18 251.74 66.48 278.32
person 337.81 308.86 349.36 320.85
person 333.26 308.63 360.03 324.17
frisbee 437.83 287.23 470.09 321.59
person 75.66 256.32 87.76 293.1
umbrella 0 214.23 64.53 239.08
umbrella 62.33 217.26 91.23 242.87
umbrella 88.97 225.84 123.16 275.31
chair 6.44 283.43 22.35 311.34
chair 50.65 278.46 64.01 303.66
chair 59.53 279.52 71.6 303.65
chair 88.3 278.64 102.95 296.37
chair 102.04 276.86 115.16 297.19
chair 112.49 276.18 123.86 294.13
umbrella 0 205.2 37.26 236.78
chair 18.59 283.3 28.96 310.55
diningtable 407.16 286.45 538.77 386.8