car 326.68 239.28 369.84 312.66
truck 161.22 227.91 280.0 283.48
person 203.37 195.96 210.92 221.91
person 215.78 208.9 221.33 221.66
car 396.51 293.22 431.89 320.7
car 215.95 0 500.0 400
traffic-light 256.35 125.18 270.75 155.42
traffic-light 323.46 51.88 336.8 105.87
traffic-light 256.94 161.46 265.42 180.05
traffic-light 270 161.89 274.94 176.47
car 285.16 260.24 306.71 270.85
traffic-light 342.72 86.61 361.48 119.2
traffic-light 446.94 90.98 487.35 140.92
traffic-light 234.07 148.83 249.88 183.4
traffic-light 362.99 80.13 372.91 110.07
traffic-light 430.92 111.2 451.34 138.15
car 306.02 265.93 316.48 272.3
truck 215.64 0.01 500.0 400.0
