umbrella 235.9 181.78 406.76 258.47
umbrella 54.2 166.16 268.92 228.79
car 597.05 193.5 640.0 220.29
car 577.74 194.32 613.8 213.43
car 219.4 169.89 283.47 187.36
person 478.79 205.47 544.94 326.87
person 272.49 207.93 342.75 370.29
person 339.86 213.69 383.15 374.94
person 255.21 265.38 293.68 356.55
traffic-light 217.61 70.32 236.29 79.24
traffic-light 184.97 77.04 202.02 84.78
chair 184.41 279.98 244.99 362.63
chair 248.16 282.98 281.03 329.04
person 201.33 278.73 254.95 357.8
traffic-light 162.84 83.04 173.23 89.17
car 562.99 203.68 575.21 209.48
car 326.11 189.09 369.49 211.2
umbrella 254.6 220.27 306.67 242.12
