diningtable 131.69 146.22 525.8 423.16
person 0 195.91 128.88 420.97
person 109.89 166.77 231.35 405.83
person 200.05 105.8 285.65 207.75
person 399.91 139.21 510.17 330.05
person 483.66 176.57 622.81 268.7
person 295.27 245.26 640.0 422.23
person 364.54 117.95 439.67 234.56
person 113.49 115.26 206.79 211.44
cup 338.49 302.96 370.01 351.22
cup 321.81 282.34 349.4 312.05
fork 173.08 355.3 195.07 384.11
diningtable 555.23 172.44 640.0 208.03
diningtable 254.09 136 310.3 149.41
person 0.14 129.22 30.94 209.58
person 427.32 115.88 516.07 191.21
person 364.08 120.13 399.92 163.28
cup 375.56 386.08 416.15 428.0
cup 200.76 346.9 221.34 398.07
cup 257.22 273.52 284.55 298.07
cup 284.61 223.15 296.89 243.43
cup 325.59 216.36 346.43 234.7
cup 246.32 242.21 270.9 284.74
cup 298.81 257.8 327.48 291.42
cup 336.33 206.72 354.94 231.37
chair 294.09 124.95 317.98 169.59
chair 557.7 147.16 588.91 183.78
chair 493.3 137.4 515.89 184.23
chair 341.25 132.1 359.87 159.08
chair 533.06 149.94 559.35 186.02
chair 19.47 145.93 36.7 204.84
chair 262.15 128.17 293.19 195.37
cup 295.11 232.61 316.4 255.72
cup 271.12 203.17 286.12 218.16
spoon 150.68 409.73 220.67 420.9
umbrella 29.97 106.04 40.72 173.02
cup 333.45 195.22 347.62 209.12
fork 226.13 247.39 243.38 259.71
fork 364.79 215.63 379.67 225.31
knife 134.81 404.14 218.65 423.51
fork 371.72 285.45 393.8 301.48
cup 251 176 360 298