sports-ball 229.25 93.08 239.18 103.18
person 109.62 283.11 134.23 354.69
person 22.22 159.83 44.85 192.51
person 41.24 185.81 55.57 195.44
person 0.6 231.83 29.74 256.29
tennis-racket 221.46 88.16 231.46 163.02
person 124.73 184.09 151.11 204.93
person 293.83 294.52 311.38 338.33
person 0.04 230.35 8.56 253.98
person 66.51 277.52 106.81 354.9
person 150.96 187.11 168.57 207.21
person 125.68 191.91 139.42 204.08
person 100.42 191.88 125.79 211.55
person 56.75 184.81 77.88 207.07
person 145.76 163.51 234.01 431.7
person 5 162 143 263
