car 300.18 349.5 410.89 395.97
car 123.45 346.13 183.43 377.92
car 89.54 349.52 131.67 374.71
bench 277.03 443.43 426.84 566.68
backpack 59.83 432.08 88.16 471.6
backpack 0 346.43 28.27 403.08
handbag 221.48 441.8 273.4 476.06
handbag 126.87 422.93 164.79 442.27
person 134.19 373.16 160.35 413.76
person 234.22 397.59 336.4 547.76
person 17.43 323.36 53.4 488.12
person 106.14 389.28 186.68 500.38
person 125.27 383.91 182.02 440.24
person 65.57 381.64 152.23 492.63
person 285.59 449.61 414.63 522.04
person 206.97 396 278.91 541.22
person 246.75 339.3 261.58 379.77
person 280.18 341.05 294.39 377.98
person 308.3 338.96 325.23 364.15
bench 139.73 445.91 181.39 488.93
handbag 276.15 456.2 302.21 472.19
bicycle 49.24 359.84 105.45 407.48
car 47.7 344.13 59.38 358.15