car 533.36 108.46 639.8 139.96
car 296.09 119.96 318.23 137.94
car 322.08 120.14 333.66 133.78
car 355.14 125.42 362.95 132.61
traffic-light 520.84 61.77 528.18 81.62
traffic-light 378.95 22.01 386.34 43.61
traffic-light 232.85 67.62 241.62 89.41
person 248.56 112.08 255.73 139.09
bicycle 125.76 291.32 464.53 493.59
traffic-light 82.52 35.19 94.11 65.32
traffic-light 71.87 38.93 81.72 64.26
traffic-light 505.13 60.84 514.52 80.29
car 50.3 103.29 151.32 140.88
traffic-light 607.88 14.33 616.27 48.82
traffic-light 71.68 67.59 77.36 82.59
car 305.34 117.16 323.37 136.28
traffic-light 84.61 66.24 94.94 82.12
traffic-light 403.5 98.7 407.57 109.93
person 292.29 117.04 297.78 133.79
fire-hydrant 433.43 130.54 436.83 137.67
