kite 50.28 95.3 79.49 134.46
kite 206.7 134.47 213.28 139.72
person 171.19 407.97 183.03 434.93
person 85.28 411.43 90.6 419.76
person 68.4 416.32 80.8 434.55
person 265.82 402.1 274.11 423.12
person 110.06 406.54 121.22 434.75
person 132.37 402.66 143.43 436.38
person 141 403.73 148.44 435.33
person 190.47 415.62 198.86 435.63
person 15.41 399.67 26.74 434.37
person 92.64 409.49 99.91 435.12
person 187.44 404.37 193.16 424.05
person 232.19 408.4 241.24 432.03
kite 24.8 420.31 41.5 436.37
kite 250.67 344.99 266.88 424.43
person 45.97 404.21 52.43 420.98
person 223 405 235 432