bottle 303.26 271.25 322.49 319.66
chair 0.8 265.91 232.87 367.08
chair 392.75 221.99 409.15 234.35
clock 136.28 85.4 162.59 113.89
laptop 247.85 252.12 378.87 349.11
person 53.93 108.71 164.33 273.88
person 0 170.59 71.47 275.22
person 284.32 173.57 325.23 234.93
person 326.39 160.74 449.15 346.25
person 406.78 172.22 451.22 252.17
person 436.64 170.08 500.0 263.24
person 65.73 48.03 225.0 266.29
person 257.17 174.4 295.74 226.09
person 440.98 150.07 471.1 176.74
pottedplant 45.29 54.84 89.8 249.76
laptop 397.19 242.95 440.36 276.81
person 0 173.65 30.47 247.09
chair 210.19 223.95 220.63 239.75
chair 244.99 223.15 272.55 289.71
chair 268.54 225.49 306.32 305.2
chair 424.05 225.52 497.42 324.18
chair 300.39 229.1 382.0 302.2
chair 0.05 246.46 49.98 307.15
person 226.01 168.17 270.28 253.6
person 479.71 181.89 499.99 226.25