person 452.42 100.44 475.82 160.88
person 305.29 108.49 327.23 132.3
person 432 98.59 453.03 152.62
person 56.47 102.21 75.9 135.75
person 61.64 95.37 112.73 191.44
person 487.44 94.47 511.89 146.34
person 323.95 102.53 367.1 181.54
person 540.74 96.25 578.99 142.91
person 584.72 87.2 606.01 138.92
car 573.02 78.14 640.0 134.29
person 614.18 83.48 636.36 144.47
person 610.77 85.32 621.91 139.85
motorbike 210.62 127.7 270.88 177.45
motorbike 52.6 137.77 120.86 192.25
motorbike 275.72 126.38 291.35 165.56
motorbike 307.96 123.68 371.35 184.57
motorbike 528.73 120.54 587.82 157.69
motorbike 367.38 125.05 412.29 160.64
motorbike 100.51 135.29 160.4 183.45
motorbike 186.2 130.77 216.71 169.63
motorbike 285.73 129.94 323.78 170.18
motorbike 404.75 119.98 442.94 152.03
motorbike 485.11 113.73 534.96 144.22
motorbike 5.41 120.08 60.21 195.86
person 464.56 95 485.76 148.93