bottle 273.11 293.33 288.26 343.26
bottle 243.17 300.79 266.09 377.62
bottle 255.45 296.65 268.71 338.71
bottle 266.72 298.81 272.35 343.85
bottle 287.52 308.24 295.45 343.79
person 323.4 198.8 434.94 480.0
knife 52.81 448.49 107.67 479.64
knife 255.83 378.8 304.09 388.35
pizza 30.44 401.88 136.19 434.66
pizza 86.77 446.12 155.08 479.91
microwave 98.16 306.34 247.01 421.75
bottle 238.31 306.14 249.97 327.31
bottle 262.74 296.63 275.95 335.04
wine-glass 460.98 324.23 483.57 373.62
wine-glass 265.03 338.9 281.2 375.64
wine-glass 0 434.39 22.04 480.0
sink 610.08 410.94 639.72 471.08
person 331.95 168.66 558.35 480.0
