car 313.05 274 375.0 310.08
traffic-light 109.59 83.79 147.68 158.56
person 66.58 252.61 76.99 269.26
person 107.49 253.27 114.53 268.65
person 200.83 253.7 207.37 267.34
person 247.51 251.73 255.09 260.16
person 75.22 252.52 81.44 267.02
person 56.55 254.69 63.82 268.95
bench 247.97 276.52 299.64 282.22
person 96.65 253.07 105.71 266.26
car 132.5 265.68 167.22 287.69
traffic-light 1.02 224.07 12.91 247.21
traffic-light 218.15 231.14 227.31 250.83
person 309.57 271.97 318.45 283.95
person 237.07 250.13 246.48 259.12
person 272.97 251.74 279.15 264.3
person 177.98 254.32 182.18 268.18
