diningtable 97.36 81.51 569.43 472.08
cup 199.45 118.29 308.9 202.19
fork 367.99 330.35 520.35 444.55
fork 293.25 408.23 483.33 452.33
knife 301.04 372.51 486.38 436.02
pizza 132.67 246.68 334.38 459.18
spoon 356.89 205.77 457.04 238.23
banana 449.51 274.17 478.94 305.77
banana 424.96 290.85 453.03 319.42
banana 443.8 298.9 486.89 332.84
banana 483.2 302.36 512.02 343.34
banana 506.09 323.16 535.43 363.03
banana 179.46 273.75 225.26 300.96
banana 147.42 304.72 185.21 333.53
banana 473.52 301.41 488.49 317.34
cup 314.18 177.04 412.68 253.09
banana 259.52 318.54 282.7 363.78