person 31.85 76.64 401.2 428.0
person 20.72 50.59 122.27 293.99
person 291.85 12.63 404.17 349.58
person 367.23 106.92 435.52 306.01
person 7.42 94.67 97.12 352.62
person 83.85 70.8 169.54 232.55
person 186.27 66.11 242.22 130.82
knife 344.37 332.85 414.68 344.28
cake 408.85 202.12 498.85 343.83
person 165.56 68.45 204.86 140.86
person 0 78.87 59.63 423.19
tie 218.74 111.97 229.5 129.46
tie 64.68 88.52 86.48 161.44
tie 324.64 131.56 332.18 189.75
diningtable 269.91 202.91 575.49 422.7
cake 401.09 396.4 422.03 422.76
cake 407.37 260.44 423.73 280.08
cake 341.6 410.85 362.33 424.51
cake 379.2 418.16 400.27 427.83
cake 361.86 333.64 459.94 388.72
cake 387.97 403.44 404.25 421.51
cake 344.12 385.65 369.55 402.6
cake 381.39 390.07 402.72 410.13
cake 363.34 396.43 383.19 409.61
cake 345.36 397.71 367.15 412.15
person 334.67 90.79 374.82 211.95