truck 374.42 178.85 480.0 231.86
person 319.24 369.54 450.86 553.88
person 442.52 394.99 480.0 456.62
person 3.81 362.45 63.73 507.98
person 371.72 344.95 403.89 412.7
person 226.57 360.85 296.11 525.6
truck 79.68 143.5 119.33 172.82
backpack 179.24 452.66 224.67 499.33
backpack 50.6 421.45 87.98 475.36
backpack 146.25 450.11 181.03 492.71
suitcase 308.04 447.13 330.07 489.15
suitcase 0 438.58 20.59 492.92
suitcase 109.44 453.64 152.9 495.85
truck 25.78 134.48 73.53 159.8
suitcase 251.1 449.97 272.58 493.63
suitcase 283.3 450.19 310.03 488.86
suitcase 435.89 454.14 465.5 500.76