chair 295.02 141.2 325.37 176.95
chair 174.6 141.94 199.96 177.72
diningtable 139.46 172.23 440.5 328.04
person 163.36 51.79 221.94 159.95
person 201.48 57.37 299.48 176.45
person 313.38 58.32 420.38 190.18
person 396.26 71.01 493.4 236.44
person 298.57 102.9 577.03 428.0
person 564.01 28.8 619.22 94.79
cup 322.65 250.84 345.35 284.56
cup 386.87 133.92 402.58 158.27
spoon 316.36 281.75 365.41 297.29
spoon 387.07 246.97 411.28 274.16
bowl 287.04 270.58 323.67 300.48
bowl 398.25 220.72 429.92 241.83
bowl 152.51 267.59 190.73 285.33
backpack 500.33 221.58 618.46 428.0
person 15.4 47.69 94.99 207.45
handbag 1.22 270.76 144.91 398.27
handbag 553.6 223.28 619.86 428.0
handbag 554.22 190.55 604.44 229.32
cup 256.61 247.17 274.52 284.1
cup 131.1 248.34 153.48 283.2
cup 345.12 208.87 362.41 237.59
spoon 371.11 202.22 404.47 211.1
bowl 323.98 181.7 347.27 196.69
diningtable 263.06 86.85 287.01 113.73
person 571.31 78.87 640.0 213.52
person 512.09 91.14 613.07 338.36
handbag 598.97 247.5 640.0 320.48
handbag 181.56 150.44 198.61 169.04
spoon 208.65 185.97 233.77 194.15
bowl 361.2 261.96 395.8 285.86
bowl 243.52 167.55 265.51 182.91
bowl 228.76 187.88 340.69 230.47
person 63.76 68.61 176.82 180.62
person 62.67 63.44 97.49 101.75
person 91.76 63.26 126.41 101.58
spoon 365.33 234.64 431.99 246.58
diningtable 0 101.24 32.24 156.82
person 0 139.49 314.38 428.0
spoon 319.84 205.6 353.82 214.3
handbag 345.28 116.93 361.05 143.88
bowl 194.58 180.18 216.47 196.65
bowl 187.21 189.54 197.21 205.97
person 0 19 639 169