bottle 507.74 126.1 527.83 178.18
chair 413.12 274.73 544.72 473.2
chair 516.76 382.16 639.85 480.0
diningtable 460.7 177.41 640.0 281.88
diningtable 1.08 220.57 148.52 301.29
person 101.17 144.34 515.52 472.59
person 0 110.87 284.76 480.0
remote 72.31 334.89 112.36 356.0
remote 299.31 351.31 335.61 373.31
sink 294.28 127.59 332.27 134.92
bowl 575.81 168.18 610.96 190.86
chair 571.25 224.89 640.0 300.7
chair 47.49 397.2 125.2 480.0
cup 493.23 160.68 508.95 186.06
cup 575.66 167.7 610.8 191.86
pizza 572.58 182.22 617.22 198.28
bottle 470.48 129.66 490.91 180.64
bottle 458.74 128.3 476.77 180.48