person 472.89 133.78 639.5 426.0
person 452.45 68.57 639.35 344.43
laptop 376.04 53.61 550.33 227.93
laptop 2.88 126.65 275.36 418.32
laptop 294.85 220.18 501.63 420.26
mouse 252.91 329.6 315.41 371.91
book 270.51 116.9 306.23 139.59
keyboard 0.96 318.49 200.08 420.93
book 216.78 169.98 234.11 220.17
book 208.6 177.37 222.55 224.22
book 314.72 0 322.8 39.34
book 224.7 169.6 248.51 221.32
book 210.91 171.57 229.63 223.05
book 240.96 165.68 254.51 211.42
book 254.56 164.98 261.25 210.75
book 256.99 154.64 306.92 196.16
book 328.47 0.14 336.66 35.89