surfboard 464.94 274.25 639.13 376.41
surfboard 419.88 263.58 466.52 350.71
surfboard 444.4 266.43 498.34 361.35
surfboard 319.14 276.77 362.78 343.2
surfboard 297.98 267.86 362.27 339.66
surfboard 246.6 275.06 288.2 331.62
surfboard 235.17 272.86 273.83 336.21
surfboard 173.96 271.78 208.32 338.36
surfboard 264.4 283.45 312.66 339.06
person 329.44 191.9 356.05 263.02
person 407.85 188.22 428.72 231.65
person 428.12 189.99 448.81 247.13
person 455.59 187.74 481.03 229.09
person 543.64 190.92 571.69 248.09
person 524.33 188.66 543.54 241.01
person 428.58 223.51 495.92 274.01
person 225.16 199.71 251.95 260.42
person 250.34 197.41 265.58 218.21
person 165.1 236.41 184.67 272.1
person 291.13 195.22 315.02 251.46
person 381.76 195.72 394.53 231.99
umbrella 355.2 192.23 400.48 216.11
surfboard 405.29 268.75 450.72 349.37
chair 132.98 234.79 175.58 272.54
surfboard 149.57 277.9 191.44 334.51
chair 113.27 243.16 146.93 274.6
person 491.33 196.69 512.07 250.52
surfboard 350.47 270.05 389.98 342.66
surfboard 379.35 269.06 432.26 346.77
surfboard 46 274 384 339
person 113 49 639 389