bicycle 151.74 343.74 260.13 439.74
bicycle 399.89 329.15 481.36 427.54
car 212.53 303.5 408.47 427.9
car 568.63 294.18 618.83 340.04
person 171.29 287.02 245.61 415.45
truck 2.16 264.32 264.86 425.41
traffic-light 207.49 203.19 229.68 263.77
traffic-light 158.93 127.04 180.23 160.02
traffic-light 199.61 146.93 210.32 154.72
traffic-light 236.01 224.52 258.44 258.82
person 155.56 281.76 169.23 300.8
traffic-light 264.31 247.62 286.03 277.31
person 339.72 286.46 353.7 305.33
person 404.65 283.46 479.59 391.3
person 300.5 319.78 327.35 344.67
truck 244.36 261.82 420.16 342.86
