pottedplant 470.9 10.21 542.25 119.84
pottedplant 235.11 9.6 297.49 113.24
person 326.06 90.3 500.37 428.0
person 138.84 116.91 338.0 422.35
person 265.69 116.66 409.64 421.96
pottedplant 380.87 11.38 463.59 99.87
pottedplant 154.67 5.4 218.8 106.97
tie 348.44 216.55 370.32 259.95
pottedplant 303.93 3.55 369.33 112.24
chair 496.6 236.46 614.47 418.1
chair 97.59 154.22 338.59 274.15
chair 472.14 163.09 588.26 241.78
chair 250.07 226.98 298.16 420.31
chair 122.15 225.06 244.3 298.16
book 278.59 255.93 379.8 308.95
pottedplant 81.17 0 150.65 37.41
person 499.37 134.17 640.0 426.81
person 0 179.65 175.43 420.6
chair 0 149.45 90.86 219.71
chair 0.68 220.05 30.45 297.87
chair 586.63 165.9 610.66 236.63
pottedplant 572.09 0.94 638.83 46.18