bottle 387.95 345.38 395.43 368.2
bottle 290.22 287.46 295.15 301.36
bottle 199.04 199.6 202.99 208.73
clock 389.14 38.85 567.61 251.46
diningtable 287.96 356.36 410.35 416.92
person 106.79 220.36 143.31 281.39
person 178.88 266.03 218.3 388.86
person 374.48 291.93 420.33 356.88
person 245.57 255.01 288.48 348.14
person 569.99 283.23 611.99 330.29
person 605.67 276.63 627.55 311.41
bowl 117.63 279.85 143.34 298.32
diningtable 287.33 297.01 302.3 312.24
diningtable 469.27 282.94 506.51 295.97
diningtable 277.52 271.89 302.22 279.52
diningtable 69.24 338.95 110.05 369.73
diningtable 533.51 317.45 597.82 340.45
diningtable 461.36 260.3 497.01 276.49
diningtable 407.19 342.12 467.5 360.93
diningtable 366.7 254.18 389.09 258.64
diningtable 359.29 281.01 411.5 299.29
diningtable 200.04 251.77 208.88 260.99
vase 350.24 212.48 358.2 233.14
person 404.05 324.97 457.92 422.92
cup 286.93 270.7 291.69 277.17
bowl 307.14 368.9 331.05 381.56
chair 415.44 376.61 462.84 424.01
chair 364.79 386.81 415.06 423.21
chair 271.61 389.43 324.92 423.93
chair 34.55 361.45 105.24 424.11
chair 487.62 351.95 523.58 421.69
chair 616.05 305.42 629.49 328.95
chair 360.24 273.1 379.63 288.55
chair 377.47 255.09 396.51 284.85
chair 391.89 274.58 410.25 288.35
chair 533.27 326.27 562.26 368.89
person 315.38 305.31 381.01 369.01
person 401.14 253.9 425.47 289.39
chair 207.92 373.14 265.03 424.88
chair 569.85 321.44 613.54 377.76
diningtable 85.67 362.98 113.85 390.04
refrigerator 159.45 200.17 184.49 236.59
person 332.06 344.55 396.24 423.4
person 507.62 299.4 549.27 360.1
person 528.61 283.55 559.57 318.57
bottle 287.13 264.67 290.6 276.23
chair 261.25 343.68 286.31 414.0
person 224.99 274.24 266.35 391.13
diningtable 306.25 316.26 341.62 353.21
person 85 220 611 384
diningtable 180 252 624 426
chair 149 252 526 325