truck 2.79 350.76 132.48 468.75
person 129.92 426.41 196.84 500.0
person 245.89 358.57 267.69 421.52
person 262.87 354.58 283.64 413.87
person 299.93 331.74 327.11 375.13
person 323.04 316.79 350.0 370.72
person 113.13 424.89 136.57 447.6
truck 318.64 263.74 342.83 298.59
truck 190.57 281.32 298.34 392.64
truck 262.51 274.85 323.35 333.38
truck 332.26 260.05 350.0 288.64
person 55.62 468.84 81.12 499.53
person 31.24 352.63 41.73 366.28
person 73.17 484.91 103.27 500.0
person 37.95 357.46 49.67 389.07
person 163.57 423.82 173.62 443.16
person 0.27 377.12 13.63 422.63
person 217.45 388.15 242.01 477.5
person 83 46 349 499