train 182.92 140.72 456.47 288.72
person 23.98 175.9 58.43 267.45
person 52.08 186.28 66.97 234.79
person 68.24 188.84 99.15 256.35
person 132.52 203.69 158.09 239.43
person 143.01 201.84 171.87 239.64
person 153.26 199.28 173.98 237.28
person 163.41 197.52 187.35 237.16
person 522.13 186.12 554.51 274.15
person 278.77 179.06 289.33 187.51
person 119.68 201.26 143.82 242.81
bench 104.32 211.63 134.67 241.98
handbag 538.42 200.89 550.7 230.47
clock 530.46 51.75 640.0 100.59
person 473.9 191.27 478.49 205.52
handbag 81.03 212.91 92.98 228.11
handbag 63.16 213.1 70.33 228.12
person 578.08 201.44 601.62 246.32