car 127.53 103.18 221.26 144.76
baseball-glove 155.69 306.08 187.64 324.47
person 62.92 215.73 217.98 394.38
person 248.73 211.28 296.18 275.77
person 221.13 218.6 262.22 275.44
person 234.26 200.67 263.45 230.69
person 230.87 187.48 256.38 227.64
person 68.84 233.67 110.25 269.99
person 56.24 247.34 72.82 267.41
person 30.27 222.06 43.62 269.74
person 193.05 147.87 236.68 201.82
person 198.9 105.25 216.31 145.56
person 174.53 101.13 200.05 157.94
bench 102.81 171.73 122.79 194.17
sports-ball 31.42 64.7 39.89 73.01
chair 113.13 229.94 143.61 263.55
chair 159.78 159.38 197.31 196.72
chair 216.45 158.17 255.67 197.64
chair 265.21 239.32 296.48 275.12
chair 262.36 233.23 266.52 241.43
person 153.41 222.03 185.59 247.9
car 224.82 112.16 296.18 152.06
chair 213.5 180.36 223.53 197.74
person 156.29 105.95 177.62 160.09
bench 71.45 181.17 105.16 205.58
person 1 83 334 295
