chair 72.6 270.4 118.24 358.67
chair 83.05 233 128.46 342.8
diningtable 199.27 226.69 428.38 354.16
person 390.46 143.6 621.19 359.0
person 347.58 117.11 459.68 246.27
person 114.77 142.94 284.49 359.0
person 0 57.36 113.81 359.0
wine-glass 321.54 248.98 342.88 302.46
wine-glass 313.24 274.49 339.58 323.48
fork 249.98 239.58 273.98 264.65
fork 407.33 259.58 434.41 305.09
person 210.31 124.32 302.54 225.79
wine-glass 266.98 217.07 285.44 259.58
person 363.29 128.8 513.38 297.52
person 92.42 118.51 176.29 315.6
person 230.45 55.08 307.46 197.7
cup 314.4 273.52 341.13 323.43
wine-glass 290.02 203.76 304.15 236.09
person 76 47.34 150.44 223.9
wine-glass 365.86 256.85 390.45 300.18
cup 364.75 256.64 391.63 299.02
