chair 543.82 254.09 607.8 343.66
chair 495.98 238.46 544.47 309.77
chair 604.45 258.81 640.0 349.1
chair 559.31 240.81 608.6 261.88
diningtable 498.98 251.44 620.94 325.47
sofa 525.84 225.98 570.66 255.64
sink 95.48 294.56 260.96 363.66
umbrella 61.26 136.4 277.59 261.8
cup 572.47 201.76 583.58 213.44
knife 38.3 279.95 50.25 302.17
chair 621.18 246.04 640.0 262.13
scissors 24.23 314.21 52.51 330.82
cup 602.31 201.38 614.46 214.43
cup 596.59 200.11 602.94 212.04
cup 631.25 200.55 639.99 214.98
knife 24.19 306.02 31.5 317.05
knife 24.99 290.2 34.98 311.19
knife 18.16 300.09 25.05 314.7
oven 302.88 257.08 417.82 425.0
chair 527.68 227.57 563.94 258.92
cup 562.06 198.41 573.29 214.17