car 256.28 323.84 264.62 328.22
car 330.87 356.17 341.44 360.77
boat 257.91 363.63 291.28 380.32
boat 323.02 381.33 357.29 398.89
boat 176.16 345.03 221.73 364.44
bus 103.35 329.7 121.77 337.13
bus 132.53 319.79 144.62 324.73
clock 232.57 238.34 240.1 246.46
clock 221.91 237.82 227.49 246.78
truck 73.91 331.63 94.8 345.07
person 157.61 326.92 158.99 330.37
person 154.4 328.81 155.95 332.68
person 22.7 351.56 24.94 355.66
person 25.66 351.58 28.5 354.74
bus 303.1 346.46 330.76 359.19
bus 338.75 357.3 343.09 360.85