car 246.46 372.69 302.13 417.76
car 1.49 392.29 98.09 478.07
person 290.19 366.87 331.32 443.19
car 234.6 365.65 280.02 412.15
car 291.4 362.84 321.7 379.15
person 182.14 357.47 204.27 409.52
person 207.87 366.29 216.85 404.49
person 196.91 359.32 207.9 405.35
traffic-light 263.33 210.17 283.55 260.01
traffic-light 65.39 0.36 111.18 131.89
traffic-light 260.41 266.07 279.55 300.98
parking-meter 217.69 368.65 223.3 380.17
handbag 305.96 379.01 320.81 397.78
bicycle 306.73 398.14 329.61 450.81
car 279.35 361.69 291.68 372.1
car 323.07 370.09 333.0 400.91
traffic-light 82.46 256.41 100.16 295.14
traffic-light 311 317.61 315 329.17
traffic-light 83.29 94.92 111.14 152.57
traffic-light 281.9 297.83 286.44 320.17
car 215.07 363.52 244.25 398.29
