cat 272.61 328.52 424.32 393.13
bed 27.28 347.86 617.46 620.69
laptop 467.35 382.97 618.81 426.24
book 167.07 121.5 194.65 201.07
book 78.68 148.89 164.54 171.48
book 58.08 101.45 92.08 187.75
book 43.77 274.11 57.42 346.32
book 163.87 251.53 195.07 305.42
book 39.57 260.51 68.31 347.68
teddy-bear 230.78 260.06 284.76 310.18
book 222.12 125.76 238.85 206.0
book 208.63 130.4 225.22 205.22
book 179.03 117.68 215.32 204.48
book 134.01 120.6 180.88 176.86
book 85.84 139.33 146.23 157.29
book 218.64 242.36 233.26 286.23
book 76.2 164.75 177.81 200.0
book 21 102 245 349
