backpack 152.36 273.26 163.51 295.87
handbag 484.31 264.27 513.44 334.38
suitcase 44.63 435.24 86.26 479.34
suitcase 430.99 354.21 460.92 391.27
suitcase 524.38 318.93 554.3 379.51
person 0 247.01 84.13 472.45
person 91.07 258.74 143.61 391.73
person 125.27 264.98 149.74 356.47
person 228.02 255.17 269.37 358.87
person 487.31 257.38 533.77 371.55
person 208.1 264.43 218.76 292.61
person 567.43 260.98 595.94 321.69
person 611.3 263.13 636.21 337.14
person 170.14 266.68 186.55 317.85
handbag 93.36 276.32 133.87 346.17
handbag 418.31 288.55 428.52 318.14
tie 231.22 276.28 234.07 285.25
person 415.78 266.7 452.8 384.55
person 460.25 265.48 479.81 309.0
tie 617.19 276.53 624.3 295.33
suitcase 427.06 332.49 469.46 356.42
person 475.98 261.57 488.15 307.44
person 153.82 269.11 167.42 318.62
clock 198.57 357.66 205.01 363.56
clock 189.84 356.87 196.72 363.92
clock 203.48 349.12 217.39 374.36
person 1 4 603 382