aeroplane 381.7 217.6 640.0 347.72
aeroplane 54.69 169.12 325.29 357.19
person 558.85 298.31 578.57 365.23
person 604.5 297.59 630.12 365.15
person 419.36 298.22 441.33 368.91
person 435.37 304.9 459.82 364.1
person 528.61 305.21 547.88 367.18
person 40.88 252.83 69.69 320.91
person 591.85 292.26 607.92 328.24
person 288.87 312.64 292.46 319.81
person 142.15 302.87 164.75 360.74
handbag 533.89 321.36 546.77 339.59
handbag 597.72 316.87 607.52 337.64
person 593.23 303.19 610.5 374.72
handbag 434.1 319.14 441.44 337.54