person 405.48 129.38 511.9 256.46
bowl 165.39 15.92 257.44 110.84
orange 512.57 525.92 555.52 582.08
orange 544.02 512.34 630.03 565.91
orange 174.62 424.67 237.76 489.97
fork 136.03 70.78 226.78 128.7
bowl 530.49 6.77 632.52 125.06
orange 128.74 394.12 188.1 462.84
orange 157.56 384.88 200.46 430.41
orange 208.8 472.43 255.12 510.85
carrot 254.51 259.51 384.51 382.86
carrot 297.01 546.67 336.51 591.1
carrot 256.65 511.64 383.11 637.47
carrot 61.84 273.26 138.07 381.12
carrot 423.78 142.56 444.22 195.7
carrot 172.45 11.82 255.44 62.16
carrot 256 385.44 386.88 512.0
carrot 510.56 130.88 640.0 254.56
carrot 3.49 1.49 638.85 505.26
cake 291.06 31.71 349.1 71.22
orange 545.41 521 638.91 607.81
orange 150.64 490.74 203.71 510.39
orange 134.57 459.19 188.06 499.43
orange 232.18 410.58 255.46 473.08
carrot 264.37 167.67 375.98 242.43
carrot 438.02 324.93 463.34 345.92
carrot 384.79 308.83 395.68 331.79
carrot 384.49 257.24 511.23 383.56
carrot 1 31 638 639