person 142.52 362.33 181.69 436.09
person 562.5 341.59 597.86 450.87
person 552.91 366.07 563.8 399.64
person 374.69 394.46 393.34 426.44
person 426.91 351.72 455.99 419.58
person 264.07 379.67 269.39 397.86
person 342.19 370.02 348.66 388.63
person 220.94 382.13 255.27 427.17
bench 156.73 403.03 225.19 433.07
person 104.99 402.51 124.42 437.22
bench 31.09 414.21 116.29 452.1
kite 208.35 162.52 245.44 188.4
kite 407.96 251.63 420.09 257.43
kite 356.41 241.25 368.17 250.45
kite 266.27 287.13 287.41 303.84
kite 395.47 215.03 411.12 225.55
kite 427.98 268.71 470.34 308.18
kite 365.35 188.34 377.03 198.71
kite 567.96 264.43 637.69 303.49
kite 275.48 241.34 341.17 258.45
kite 291.61 294.35 338.58 306.67
kite 525.25 141.27 540.55 161.83
backpack 622.94 431.5 640.0 451.41
kite 273.03 224.54 287.45 232.28
person 463.5 389.89 496.9 468.54
kite 444.38 166 458.45 172.45
person 402.14 383.47 429.17 428.4
person 598.36 357.06 626.73 451.98
person 122.58 386.24 129.94 405.47
person 7 370 500 442
kite 35 106 639 479