bottle 300.06 303.75 355.4 360.72
bottle 106.76 231.59 180.38 266.31
cup 359.37 325 382.66 362.2
handbag 166.35 355.19 263.75 480.0
person 315.97 10.37 474.95 219.43
person 476.76 33.44 640.0 265.35
person 355.16 123.34 640.0 480.0
person 0 65.32 198.12 480.0
person 37.75 12.94 160.72 210.34
handbag 445.26 156.5 497.11 217.97
bottle 98.71 220.26 179.6 257.57
wine-glass 295.62 159.99 310.72 179.49
cup 298.51 270.23 324.55 302.64
orange 371.07 282.03 384.98 296.81
orange 385.48 286.27 396.08 294.66
orange 376.3 290.76 388.88 300.55
orange 382.14 279.1 394.4 289.26
orange 388.42 255.24 395.32 258.58
orange 377.86 300.4 393.98 318.38
