car 427.91 329.25 640.0 422.52
car 228.64 282.46 263.42 314.84
car 348.58 287.9 368.55 312.99
motorbike 259.27 328.37 432.56 427.0
motorbike 0.42 324.71 174.8 427.0
person 322.57 290.81 387.66 418.43
person 273.64 292.11 324.59 421.76
person 1.92 266.88 116.37 422.67
person 424.12 270.59 531.59 400.13
person 259.27 281 285.29 316.1
person 281.06 276.47 296.57 317.79
bicycle 256.81 311.86 282.86 379.84
truck 228.65 272.26 262.11 316.76
bird 448.29 35.04 453.45 39.96
bird 457.14 125.93 461.14 127.78
person 104.73 267.55 123.54 296.61
person 120.86 271.12 137.14 296.52
person 257.14 281.32 269.94 323.34
person 269 274.45 277.89 292.23
motorbike 420.48 360.45 573.52 405.98
bird 562.88 43.6 568.02 47.02
bird 553.86 106.09 557.44 110.21
person 556.28 309.36 588.37 355.48
person 494.93 276.54 587.01 402.61
car 230.93 271.36 263.53 287.8
person 300 280 325 334