car 446.19 112.63 575.96 150.49
car 620.19 115.74 639.93 121.01
truck 573.97 119.47 639.13 152.73
truck 545.94 100.46 621.41 121.26
baseball-bat 380.76 167.19 472.45 211.42
person 148.22 136.34 360.01 348.97
person 292.97 85.42 430.36 386.71
person 167.27 104.38 187.55 145.65
person 99.7 125.2 135.66 200.74
person 26.45 105.12 72.97 157.2
person 175.36 120.95 215.12 196.49
person 252.19 127.59 274.98 171.68
bench 35.39 163.02 165.91 196.82
bench 175.49 161.7 242.1 188.74
person 148.07 123.41 180.13 201.45
person 70.36 106.75 106.2 172.09
person 67.29 129.28 96.25 204.25
person 244.4 128.12 261.66 177.28
car 410.08 129.99 459.63 158.36
car 404.03 129.46 431.33 139.07
chair 156.6 203.01 335.23 411.91
person 207.08 101.84 220.96 132.73
bench 132.67 149.02 150.36 152.45
person 193.88 104.01 215.67 144.72
bus 543.48 78.18 640.0 151.55
person 27 98 252 212
