person 141.45 100.4 296.79 277.84
person 243.03 77.84 311.38 158.22
donut 355.98 236.65 378.35 251.49
donut 274.83 262.75 299.96 280.67
donut 288.84 225.72 308.22 238.28
donut 307.43 234.83 329.5 251.39
donut 378.9 241.88 404.2 254.35
donut 410.29 252.27 435.43 266.64
donut 309.93 231.38 332.02 247.23
donut 401.49 265.78 430.16 281.0
donut 431.58 272.81 455.0 281.0
donut 433.06 266.7 460.83 281.0
donut 369.79 255 396.44 279.25
handbag 19.58 105.26 99.77 261.23
person 29.68 18.31 164.18 275.95
donut 348.81 245.7 372.54 261.67
tvmonitor 359.99 110.66 456.43 193.81
knife 477.51 0 485.02 18.67
donut 253.9 252.34 272.76 266.17
donut 123 185 493 280