bicycle 423.92 198.7 452.67 219.1
car 437.16 120.62 459.89 139.73
person 79.58 252.92 103.69 324.95
person 126.16 221.8 141.52 280.29
person 604.28 269.66 626.98 356.55
person 429.87 186.06 446.5 217.72
person 526.39 127.6 539.39 149.64
traffic-light 95.78 0 131.16 50.05
traffic-light 247.81 59.01 269.08 100.22
traffic-light 299.77 67.35 308.37 91.63
traffic-light 362.36 81.67 370.78 87.99
traffic-light 598.9 187.4 608.65 220.26
traffic-light 625.94 211.47 637.41 255.22
traffic-light 301.92 83.5 317.28 111.26
traffic-light 551.29 118.55 557.76 133.81
traffic-light 114.77 156.91 126.85 199.19
person 19.88 239.72 43.04 291.16
bicycle 134.39 252.87 150.92 289.85
car 264.99 207.87 291.65 234.53
bus 485.82 224.36 601.46 346.03
traffic-light 475.47 11.22 491.0 43.15
person 203.53 222.21 218.82 268.59
person 378.82 119.95 390.9 149.29
person 32.24 257.73 42.79 301.13
person 18.41 263.46 33.42 321.51
car 257 236 325.5 288.5
car 331.09 212.79 374.22 244.87
car 384.83 146.87 412.9 172.93
car 311.42 189.69 364.25 213.92
car 261.66 229.17 316.25 243.54
car 450.31 125.53 475.14 145.32
person 368.75 127.82 375.03 146.79
person 545.49 210.32 552.52 225.02
person 344.05 215.97 348.26 219.69
traffic-light 450.83 50.57 455.6 55.1
person 163 218 172 261
traffic-light 5 109 582 193
