bicycle 253.21 271.07 312.8 332.04
person 226.04 229.31 237.63 259.72
person 257.85 224.48 301.98 321.48
person 68.18 238.19 84.36 281.07
person 79.16 232.26 107.38 283.38
person 98.4 234.28 117.92 280.74
person 326.86 223.46 339.97 262.13
bicycle 155.27 246.34 170.14 268.33
skateboard 298.61 316.85 362.52 364.04
person 345.41 173.41 418.35 358.82
person 239.72 225.38 250.36 258.44
person 167.02 234 182.8 271.46
person 209.68 231.08 218.83 265.61
person 408.29 231.25 425.41 266.22
person 204.14 229.02 211.47 263.98
person 195.32 228.06 205.97 265.24
person 1 190 639 291