aeroplane 0 61.18 297.52 204.15
truck 303.63 281.85 319.36 290.39
truck 282.74 276.15 299.0 283.86
car 273.79 364.44 279.53 376.89
car 339.03 378.55 352.35 393.04
car 377.36 376.55 389.54 389.94
car 395.54 383.58 410.49 400.79
car 566.49 256.42 576.64 262.36
car 592.92 300.73 608.31 306.99
car 62.41 369.84 88.98 379.27
car 208.36 367.29 217.88 381.03
car 53.02 393.79 75.67 403.43
car 145.21 371.48 158.35 387.42
car 304.43 359.18 317.08 371.59
car 182.02 394.51 194.22 410.96
car 235.99 388.98 248.99 403.09
car 1 193 639 425