person 518.47 287.23 572.75 418.83
person 555.72 292.06 597.37 391.75
person 482.08 290.58 501.9 342.31
person 495.73 289.14 506.12 304.54
person 370.88 293.12 414.4 353.83
person 368.31 290.81 381.58 334.74
person 334.08 293.87 345.71 338.29
snowboard 0 289.3 46.65 385.51
person 0.15 278.36 25.86 424.3
person 426.45 292.17 507.19 454.23
person 627.06 283.55 640.0 370.07
skis 390.9 435.36 509.41 469.01
skis 343.86 306.51 348.1 337.61
person 425.04 295.63 441.87 357.22
person 181.22 212.97 185.71 234.8
backpack 385.93 300.1 405.9 318.97
backpack 584.69 299.18 599.81 309.77
person 505.98 295.87 527.75 376.39
skis 523.26 402.64 563.42 425.98
skis 555.84 390.37 597.95 404.4
skis 381.4 348.24 405.98 353.63
person 400 291 609 474