giraffe 79.21 190.19 235.96 282.89
giraffe 0.95 108.35 312.5 311.0
person 346.96 151.74 475.71 231.33
person 380.06 189.61 500.0 262.92
person 366.13 97.28 380.41 121.72
person 467.04 83.77 500.0 148.14
person 412.05 84.27 440.63 125.42
person 450.13 133.93 500.0 193.85
person 395.74 124.29 427.42 185.17
person 399.53 107.34 415.73 119.07
person 448.52 84.08 466.33 98.7
person 349.02 98.01 358.56 123.75
person 372.98 264.67 500.0 374.17
person 443.93 97.7 475.24 125.54
person 454.64 116.39 492.83 153.23
person 313 73 499 373