backpack 92.5 143.22 219.53 309.27
suitcase 254.33 166.85 565.09 589.05
suitcase 38.51 68.35 127.9 182.5
backpack 351.89 136.9 498.24 221.73
suitcase 215.92 209.04 342.44 488.22
chair 466.55 99.95 568.23 189.75
chair 423.46 72.08 466.07 140.33
chair 315.48 56.6 339.59 92.65
chair 285.58 45.85 301.7 70.4
chair 564.07 150.58 612.0 209.24
backpack 130.1 4.93 240.41 89.1
handbag 229.29 95.22 303.2 142.35
person 0.04 0.16 26.66 48.38
person 93.21 0.25 151.4 44.32
chair 152.3 14.05 161.84 26.37
person 210.19 0.33 291.54 70.71