person 193.6 446.01 209.49 500.0
person 348.22 359.81 370.26 431.87
person 122.44 412.68 130.69 423.62
person 197.67 402.44 208.55 423.93
person 173.13 416.01 181.78 441.06
kite 185.73 173.95 219.84 233.46
kite 121.14 110.46 160.38 124.53
kite 164.36 229.57 180.42 282.75
kite 339.95 285.54 359.06 300.99
person 100.82 405.17 111.8 427.88
person 39.3 473 56.12 500
person 298.13 466.58 341.2 499.29
person 271.51 356.54 306.83 428.11
person 73.56 426.29 86.47 462.54
person 110.76 409.82 119.69 434.43
person 178.93 451.79 198.41 500.0
person 300.61 344.42 327.55 423.48
person 1 0 374 499