horse 346.84 321.03 421.16 388.13
person 494.06 269.5 510.65 297.1
person 455.46 284.96 483.81 311.63
horse 296.26 308.94 346.66 384.28
horse 480.66 320.56 544.43 408.7
horse 217.97 172.77 286.08 221.88
horse 354.4 185.35 383.51 240.8
horse 317.42 203.45 349.66 256.4
horse 320.63 280.77 349.38 324.53
horse 442.57 332.42 488.35 422.97
horse 130.36 177.43 209.96 222.34
horse 383.01 171.14 409.77 226.54
horse 547.43 342.26 585.93 437.1
horse 1.11 185.3 39.14 227.09
person 361.34 293.11 385.52 320.21
horse 303.15 243.8 342.38 313.92