car 377.3 199.77 407.78 225.4
bus 166.61 117.45 277.96 274.6
person 427.78 179.38 469.35 377.99
person 321.45 210.12 336.07 244.84
person 119.8 222.52 137.99 269.33
person 53.95 219.6 70.78 280.22
person 456.44 187.68 507.83 397.14
person 236.85 286.52 373.43 420.22
person 41.46 222.85 58.7 288.68
person 152.24 219.96 162.43 262.77
person 291.6 215.66 300.59 238.3
car 475.18 162.96 503.64 175.27
person 575.74 171.49 618.98 208.93
person 454.81 185.45 532.08 396.3
person 90.33 238.17 121.59 278.7
person 28.73 219.55 48.97 294.17
person 3 163 639 424