boat 40.99 240.54 560.9 278.29
boat 328.34 115.48 455.39 130.9
boat 0.89 124.92 46.53 135.47
person 176.69 222.07 196.22 288.39
person 243.18 211.99 264.05 289.28
person 300.81 227.85 328.69 307.77
person 327.15 228.59 359.36 258.24
person 397.25 259.35 442.21 321.8
person 421.03 221.04 444.57 265.34
person 458.47 227.01 483.44 297.01
boat 505.88 96 537.09 104.14
person 514.44 224.31 535.11 308.19
person 528.69 225.29 543.43 295.76
truck 502.68 97 547.08 117.56
backpack 474.22 239.31 496.87 277.5
handbag 521.37 239.2 537.73 281.27
backpack 522.05 239.76 538.2 276.34
person 388.11 213.52 417.06 298.63
suitcase 322.15 241.78 352.86 276.74
suitcase 252.63 257.52 269.5 278.08
suitcase 241.41 255.25 246.19 270.74
person 313.9 224.18 328.42 247.41
boat 237.26 115.07 304.73 130.59