remote 128.83 396.32 185.28 421.09
remote 342.91 172.34 356.02 186.57
remote 72.26 383.49 118.39 406.8
remote 232.38 265.68 257.72 277.2
person 316.4 116.49 427.0 556.58
person 279.64 74.23 335.86 216.94
person 342.61 129.12 374.47 175.8
person 111.92 110.57 202.18 283.4
person 55.81 106.8 209.46 632.35
person 12.44 86.16 200.35 398.48
person 0 25.23 174.41 633.51
tvmonitor 325.68 92.17 374.81 135.69
person 177.23 106.09 226.89 242.83
person 319.98 111.16 346.0 176.0
person 197.03 102.11 376.81 605.48
person 222.15 102.15 250.93 155.61
remote 173.01 266.56 204.48 286.63
remote 189.8 254.92 210.03 269.67
person 280.43 172.28 300.69 256.22
person 158.78 71.42 219.19 116.91
remote 228.62 238.86 249.27 253.62