person 16.36 130.43 45.33 203.62
person 62.4 130.74 133.91 231.18
person 329.55 104.4 435.96 227.07
person 518.82 87.71 600.03 217.51
person 493.36 92.18 558.26 208.95
person 231.95 132.79 255.02 188.13
person 434.29 89.32 452.61 137.27
person 416.08 88.5 436.05 138.86
person 388.94 94.74 405.1 143.06
person 358.83 96.69 377.9 114.39
person 205.84 116.34 224.91 135.23
person 183.75 118 237.7 231.24
skis 127.04 231.93 264.01 241.85
skis 503.64 212.77 624.0 220.87
person 171.9 140.82 182.45 156.54
person 66 90 534 175