baseball-bat 343.83 185.4 404.86 219.94
person 332 113.23 585.33 408.77
person 79.16 228.15 273.26 405.18
person 554.4 0 638.55 71.82
person 479.78 0 559.42 71.01
person 380.68 4.39 468.55 73.9
person 134.55 0 225.3 94.99
person 50.86 0.96 112.27 68.13
person 4.6 0 62.25 85.56
chair 393.14 32.34 466.66 65.81
chair 312.11 32.56 386.07 74.49
chair 471.64 32.73 491.09 71.27
chair 0 3.36 17.84 45.01
person 392.71 0 468.44 35.41
person 318.14 1.59 382.61 76.63
baseball-glove 232.61 330.16 271.1 369.86
chair 1.85 45.02 55.09 88.28
person 9.96 162.28 139.4 403.36
person 296.31 0.66 390.5 55.61
