bottle 567.84 298.05 584.06 357.32
bottle 591.16 297.66 610.38 355.34
bottle 564.04 294.11 572.85 348.44
bottle 619.51 287.78 640.0 390.87
bottle 493.99 289.31 510.35 343.64
bottle 481.16 294.07 491.84 332.23
umbrella 488.61 182.53 570.4 218.04
umbrella 245.93 0 638.56 172.58
umbrella 1.08 22.65 350.56 238.38
person 358.11 224.36 516.67 405.57
person 265.3 232.75 365.65 370.1
person 352.72 162.88 471.37 291.24
person 527.47 221 624.66 328.99
person 135.15 239.92 186.43 330.96
person 52.19 232.56 151.46 429.06
person 170.12 248.08 232.06 398.55
person 365.95 145.52 450.14 215.82
person 471.31 228.22 516.39 318.54
person 0 247.42 120.91 480.0
person 98.85 235.42 156.0 341.31
bottle 573.97 292.49 587.46 351.55
bottle 464.68 289.73 477.78 309.0
chair 321.11 352.9 519.88 448.31
chair 247.7 319.73 358.97 480.0
chair 154.08 308.53 168.84 348.72
chair 3.24 351.64 138.07 480.0
chair 119.19 324.4 183.62 437.15
chair 533.48 389.94 640.0 471.29
chair 187.46 303.71 229.39 389.21
chair 509.19 265.57 535.21 300.08
chair 489.25 266.7 512.79 304.52
diningtable 284.76 426.07 638.56 471.37
diningtable 532.8 336.03 624.59 400.93
diningtable 489.55 328.28 543.88 360.24
wine-glass 539.11 317.78 559.77 356.25
chair 247.48 294.21 278.44 331.31
