baseball-bat 423.14 24.82 518.57 126.03
baseball-glove 589.68 303.71 625.04 346.92
person 341.76 55.14 557.81 403.88
person 488.97 192.29 592.67 309.97
person 577.65 207.1 614.11 312.65
person 108.98 127.99 185.28 299.77
person 50.62 119.2 119.41 302.41
person 0 126.67 78.36 299.8
person 237.61 40.94 294.03 84.81
person 321.13 0.91 390.47 85.69
person 421.12 28.04 472.91 87.23
person 501.75 206.13 540.0 272.49
person 451.22 200.29 503.49 307.52
person 280.34 0.78 335.52 65.61
bench 206.61 240.53 282.88 301.36
person 280.6 102.04 362.67 301.67
person 1 0 639 335
