bus 377.14 148.08 611.1 344.61
person 324.42 237.06 353.06 342.5
person 71.19 228.13 97.55 333.79
person 89.36 235.48 115.87 338.41
person 132.2 231.09 163.39 351.53
person 184.88 234.55 221.39 340.24
person 220.76 235.19 242.04 336.79
person 239.53 230.5 269.87 339.17
person 488.68 230.25 518.86 255.6
person 294.21 235.15 330.62 343.17
person 314.91 226.31 328.91 258.48
backpack 62.92 247.27 74.49 274.04
handbag 326.67 268.13 350.46 288.76
handbag 357.91 282.63 373.55 299.0
handbag 277.62 294.25 302.07 327.64
handbag 231.54 289.41 241.4 312.96
person 268.16 234.67 293.37 338.66
person 349.7 228.32 375.88 339.09
handbag 211.48 275.9 222.18 298.2
person 236.65 221.34 255.46 251.5
person 215 225 355 263