banana 155 328.68 257.16 404.25
banana 245.08 232.66 566.96 408.85
banana 227.28 332.52 292.02 407.22
banana 136.14 410.31 228.9 466.1
banana 150.29 400.31 205.8 422.99
banana 122.26 316.42 292.08 474.91
orange 484.34 396.24 546.69 448.07
orange 525.88 327.51 640.0 424.29
apple 242.24 135.63 275.19 163.96
apple 430.33 147.77 468.13 178.68
apple 195.68 80.93 224.36 108.37
apple 460.48 169.21 487.99 193.32
apple 508.15 151.42 582.19 196.95
apple 390.67 125.8 594.45 203.09
apple 160.44 98.51 183.46 120.62
apple 213.23 62.6 241.11 91.1
apple 214.79 92.07 242.84 121.95
apple 240.16 69.25 265.8 87.4
apple 226.08 110.44 253.67 130.46
apple 295.87 79.65 329.97 97.6
orange 543.16 401.44 621.88 474.7
orange 53.48 246.34 70.08 264.22
orange 42.83 292.61 56.93 307.42
orange 42.3 270.78 61.2 288.14
orange 60.97 271.76 72.25 276.74
orange 71.84 260.58 86.87 272.47
orange 76.87 244.72 96.7 260.41
apple 0 63 346 228