refrigerator 109.8 1.27 413.85 368.67
chair 0.84 294.1 124.72 375.0
oven 23.6 246.07 120.51 353.09
bird 283.29 63.83 308.97 83.55
bowl 69.69 238.72 110.96 250.36
microwave 0 192.98 30.34 243.54
oven 37.01 193.83 110.06 241.56
person 264.86 306.03 287.99 334.52
person 258.38 327.75 288.78 361.6
person 227.33 313.75 257.44 343.35
person 215.81 315.77 231.07 340.0
person 166.19 282.66 191.66 326.02
person 148.98 214.75 156.45 230.86
person 147.46 204.13 158.69 234.89
person 137.77 215.35 145.16 233.23