refrigerator 397.34 227.84 428.0 630.3
cup 298.04 271.83 323.03 298.95
cup 271.28 271.82 296.09 298.79
cup 179.18 269.85 204.96 300.01
cup 207.48 271.96 232.94 300.85
sink 170.83 384.76 348.43 413.67
bottle 202.5 359.62 216.99 393.32
knife 312.3 343.73 322.67 356.18
knife 315.71 344.05 326.8 358.1
knife 322.83 343.62 333.53 355.39
knife 325.07 350.73 337.12 364.03
knife 320.75 350.58 331.36 363.14
knife 315.08 364.5 324.45 377.07
oven 0 351.68 172.17 637.62
microwave 358.29 350.47 408.37 394.4
knife 318.78 364.78 327.3 376.42
knife 321.34 363.91 334.21 375.89