sports-ball 0 136.87 20.16 161.92
chair 264.68 267.18 279.13 355.15
chair 152.73 88.98 204.34 137.36
tennis-racket 6.86 197.01 85.06 259.86
person 83.41 185.48 294.66 511.43
person 220.64 204.5 272.79 305.05
person 138.42 104.05 201.34 220.13
person 100.44 107.32 146.83 205.83
person 311.11 99.34 364.73 210.71
person 346.8 91.85 426.18 215.3
person 244.67 49.55 302.85 174.55
person 50.28 48.81 103.68 127.87
person 45.26 93.71 101.37 190.41
person 102.32 48.78 144.89 121.75
person 196.57 1.82 251.44 88.74
chair 300.59 87.1 352.61 136.2
chair 353.25 87.3 402.75 128.17
chair 401.78 88.15 426.51 138.43
person 0 97.15 36.64 189.91
chair 203.23 89.01 250.52 141.15
person 292.93 0.62 343.77 89.31
chair 372.44 178.78 406.55 208.96
chair 303.38 142.24 333.94 200.42
chair 158.85 34.22 197.1 75.41
person 0 0 426 179
