dog 146.56 290.11 253.57 496.48
dog 57.81 283.53 156.9 512.0
dog 1.38 360.6 77.08 589.08
person 346.09 76.86 480.0 365.19
person 11.12 155.31 53.8 217.21
person 137.28 131.14 308.45 342.3
umbrella 0.52 33.67 208.31 109.37
umbrella 85.01 78.94 258.89 127.69
umbrella 311.59 105.55 408.22 142.97
umbrella 217.11 129.51 299.9 155.17
person 232.64 127.44 272.92 165.72
person 326.27 133.53 350.05 212.71
person 35.4 148.56 83.29 215.45
person 103.32 124.96 161.53 240.83
person 267.23 137.74 331.33 325.99
bicycle 386.55 253.65 479.77 490.54
person 344.23 141.4 370.49 202.3
person 63.62 111.22 122.78 216.89