pottedplant 553.35 337.62 614.83 443.33
pottedplant 439.48 199.59 483.5 260.64
bottle 175.14 203.19 185.03 236.67
bottle 153.74 207.66 174.91 240.88
sofa 1.03 234.32 302.45 480.0
chair 273.46 187.27 429.12 346.24
bottle 140.43 209.71 151.7 246.1
bottle 134.84 209.64 142.22 246.01
bottle 189.65 200.84 198.44 232.38
bottle 182.84 202.17 192.18 234.68
vase 154.72 209.37 175.22 240.97
car 95.77 137.9 177.88 219.19
bottle 125.26 212.32 138.19 247.62
vase 553.67 405.88 593.15 442.13
vase 568.13 375 603.22 402.52