traffic-light 147.98 164.82 163.42 217.69
traffic-light 299.93 170.2 313.53 206.48
person 20.19 341.61 41.12 398.48
bicycle 20.7 369.14 36.82 400.0
car 50.42 345.2 208.19 477.18
car 301.3 339.38 428.0 488.4
car 359.14 339.46 426.91 542.75
car 262.56 325.66 399.56 456.76
car 51.86 326.17 91.97 343.67
car 42.85 273.29 81.04 307.95
car 0 298.13 23.11 336.84
car 124.67 245.16 148.78 263.78
car 37.3 338.09 80.86 381.65
car 81.36 317.85 195.57 375.84
car 0 319.97 16.75 375.89
car 0 312.26 20.52 356.45
car 101.63 241.27 111.03 246.26
