person 150.03 84.6 332.47 335.35
person 55.43 161.15 141.07 432.66
person 288.07 150.31 330.18 239.3
backpack 144.61 126.85 258.91 241.15
suitcase 181.35 397.98 283.65 639.39
suitcase 141.94 346.78 279.76 610.22
suitcase 129.73 328.48 249.94 614.42
suitcase 109.7 288.35 162.74 433.12
suitcase 125.71 217.28 187.66 330.04
chair 281.96 375.95 327.55 535.92
chair 54.94 271.04 110.39 516.49
cell-phone 299.58 195.55 306.8 205.95
person 79.15 14.24 196.56 144.35
person 285.53 0 316.37 59.05
person 352.36 157.37 369.41 238.96
chair 0 390.02 45.55 499.0
