cow 221.72 170.33 277.54 223.45
sofa 470.47 201.71 500.0 237.65
chair 339.64 201.11 358.4 232.21
chair 358.25 200.89 377.27 231.42
chair 317.85 200.82 341.39 231.29
chair 470.9 202.98 500.0 236.82
chair 344.88 171.62 362.12 203.46
sofa 386.17 199.17 458.99 232.71
sofa 419.35 172.03 457.11 204.78
car 0.72 177.28 235.17 269.18
car 40.68 147.02 64.31 170.24
person 97.1 185.73 125.76 213.45
traffic-light 5.1 50.72 36.13 132.83
traffic-light 102.87 78.09 137.16 113.0
traffic-light 437.2 85.11 459.43 149.9
traffic-light 201.3 105.86 217.64 135.09
chair 313.23 197.28 321.33 229.01
diningtable 326.22 203.66 380.88 230.96
