person 315.68 86.49 640.0 244.32
wine-glass 423.11 209.72 532.89 480.0
wine-glass 469.54 175.74 556.81 342.34
fork 295.58 179.62 332.4 224.96
bowl 273.98 339.45 435.78 471.04
knife 0 245.99 248.39 289.55
bowl 256.05 192.19 332.11 260.18
bowl 306.51 186.38 472.78 299.35
bowl 51.98 135.1 262.63 251.1
bowl 374.77 273.93 589.53 411.38
cake 77.27 276.94 184.97 376.19
pottedplant 16.18 73.35 101.39 155.33
diningtable 0 69.82 640 480.0
cake 174.59 253.88 281.43 318.15
cake 0 150.52 68.68 197.7
cake 293.31 355.65 415.15 433.56
tvmonitor 157.5 5.63 541.25 145.63
