person 264.87 204.73 355.56 369.99
umbrella 65.9 149.36 160.28 429.53
umbrella 58.42 139.05 100.67 429.06
umbrella 190.82 162.52 241.33 323.78
umbrella 225.95 103.31 251.59 325.06
umbrella 497.13 211.02 521.5 436.36
umbrella 509.31 212.41 534.94 430.31
umbrella 559.65 272.9 579.85 429.61
umbrella 566.71 213.59 605.57 419.53
umbrella 219.87 121.55 291.44 400.56
umbrella 600.53 280.23 616.64 394.09
umbrella 503.77 218.9 527.15 281.74
umbrella 197.32 122.18 216.29 181.98
umbrella 132.14 142.84 225.92 349.86
umbrella 0 83 635 449