stop-sign 418.98 280.44 428.19 290.31
car 146.66 278.15 164.77 290.4
car 216.99 272.68 234.73 282.86
car 192.6 275.4 211.31 284.99
car 162.88 278.22 186.23 289.44
car 178.74 274.96 192.21 282.7
car 121.31 281.81 146.62 296.24
car 55.71 273.52 75.86 283.22
car 242.72 266.99 248.86 271.7
traffic-light 156.22 227.64 162.86 246.99
traffic-light 205.07 231.87 208.19 239.98
traffic-light 256.31 131.93 271.58 160.87
traffic-light 17.3 82.84 105.81 238.0
car 219.17 270.7 229.35 275.62
car 132.41 271.13 139.19 276.36
car 123.55 270.66 131.12 277.6
car 288.76 276.05 320.38 287.69
traffic-light 240.65 251.23 247.55 266.76
traffic-light 197.3 231.91 201.83 244.73
traffic-light 265.17 160.41 273.37 191.55
