broccoli 175.08 152.53 323.11 251.81
broccoli 136.78 248.79 284.25 341.68
broccoli 118.99 230.8 177.98 295.2
broccoli 449.03 138.54 563.17 236.59
broccoli 417.57 291.22 473.72 351.79
broccoli 324.42 110.08 404.94 161.65
diningtable 0 2.7 640 472.97
bottle 519.9 0 640.0 79.79
bowl 0 95.63 640 450.63
carrot 116 103.69 189.15 160.89
carrot 383.66 373 492.6 425
carrot 259.3 376.3 354.06 427.25
carrot 128.57 351.02 219.09 418.26
carrot 244.22 256.74 341.05 355.65
carrot 300.66 177.98 369.4 275.72
carrot 504.98 193.52 583.65 274.87
carrot 493.71 303.83 627.12 432.24
carrot 540.85 140.19 623.1 213.72
carrot 64.28 142.73 121.34 200.93
carrot 89.76 298.35 173.16 372.75
carrot 333.46 236.62 407.64 317.61
carrot 362.97 275.84 513.58 409.12
carrot 37 107 629 434