tvmonitor 0 221.85 146.28 395.21
chair 318.69 440.04 409.9 480.0
cup 106.54 424.59 152.26 480.0
book 393.24 363.47 415.22 370.21
remote 39.87 365.3 142.73 431.31
book 339.38 244.97 378.7 273.05
remote 65.14 400.43 146.4 428.78
book 393.92 296.77 417.92 301.76
book 392.25 334.32 416.93 339.26
book 391.08 353.18 430.7 361.86
book 349.22 349.97 384.04 355.36
book 340.06 430.32 395.57 474.42
book 392.95 358.67 432.29 366.06
book 348.15 352.45 386.81 382.89
book 391.29 413.92 429.16 425.39
book 338.71 218.5 378.13 244.17
book 213.16 324.35 218.83 369.94
person 452.27 40.54 640.0 373.86