bottle 107.46 287.75 123.43 329.08
chair 122.64 276.06 189.99 309.36
diningtable 127.62 252.99 536.47 381.74
person 453.03 223.28 598.65 348.4
person 432.37 207.22 476.84 262.57
person 522.17 205.42 575.35 267.3
person 570.88 206.29 640.0 301.13
person 220.87 207.42 350.18 289.39
person 312.15 217.44 353.5 255.21
chair 0 411.38 154.63 473.66
chair 199.58 260.24 231.92 293.06
chair 267.27 256.53 299.29 280.73
chair 35.55 293.03 130.22 429.17
chair 583.55 278.73 639.89 335.08
chair 573.79 244.98 593.13 268.28
clock 0.53 10.12 18.5 64.83
laptop 318.16 241.54 380.61 275.82
laptop 248.72 253.21 321.91 293.69
laptop 405.96 236.34 462.42 265.66
chair 589.99 321.16 639.94 358.68
chair 308.96 238.18 318.06 247.63
bottle 560.89 249.18 574.72 280.73
bottle 212.73 309.62 235.86 355.88
bottle 371.62 234.5 382.8 260.95
laptop 403.92 259.72 456.83 318.56
laptop 522.14 240.02 532.43 259.82
cell-phone 435.23 319.07 448.31 326.88
