person 403.22 152.52 505.73 427.39
person 0 112.8 159.41 422.93
tennis-racket 25.71 333.96 192.38 361.95
sports-ball 535.73 366.96 548.98 383.28
sports-ball 539.8 356.19 551.64 370.32
sports-ball 527.86 350.94 543.31 368.3
sports-ball 517.65 362.15 535.27 377.3
sports-ball 150.95 207.87 158.26 215.5
sports-ball 504.27 381.85 516.39 393.96
sports-ball 501.64 366.74 516.71 381.81
sports-ball 501.08 354.4 513.39 368.35
sports-ball 531.25 381.22 545.74 397.79
sports-ball 513.7 349.94 527.67 365.4
sports-ball 523.11 345.92 534.68 354.89
sports-ball 518.8 378.74 531.85 391.79
tennis-racket 405.97 222.67 465.8 355.96
person 250.07 153.31 344.2 377.99
sports-ball 543.48 354.68 555.36 367.52
person 214.8 100.19 423.19 423.19
