umbrella 266.57 233.55 413.93 296.1
umbrella 86.49 274.02 162.88 296.06
car 159.5 306.33 214.51 338.36
car 141.28 296.7 176.98 321.77
handbag 368.35 359.17 395.61 426.64
bicycle 464.14 376.58 480.0 428.8
person 309.52 291.8 383.39 507.15
person 0.71 353.36 70.82 640.0
car 257.96 302.73 313.55 323.17
umbrella 35.2 281.85 80.68 296.13
umbrella 289.9 380.81 315.51 448.39
chair 419.39 375.06 458.05 432.75
diningtable 388.46 375.45 450.28 445.09
person 11.59 292.81 54.0 388.76
backpack 148.01 304.06 155.37 333.75
backpack 126.81 307.95 157.01 350.52
umbrella 155.44 345.23 174.52 398.42
umbrella 298.12 373.93 328.21 464.19
person 116.7 295.06 163.94 414.18