tvmonitor 7.22 89.98 190.89 268.26
person 380.46 276.77 453.5 480.0
person 347.18 128.96 394.26 334.74
person 443.59 184.99 588.05 479.61
person 543.17 144.92 623.46 318.17
person 580.31 221.12 639.64 474.61
person 542.95 95.41 584.36 188.99
person 570.58 81.58 636.78 214.92
cell-phone 565.2 177.56 578.91 195.92
remote 390.45 352.25 439.7 379.34
tvmonitor 624.19 76.57 640.0 136.35
person 626.24 192.78 640.0 229.86
tvmonitor 251.36 83.02 350.18 207.73
tvmonitor 391.43 78.27 455.55 177.36
tvmonitor 469.63 76.67 519.12 152.32
tvmonitor 517.17 74.47 551.14 132.79
