motorbike 192 141.3 450.88 309.57
motorbike 443.41 111.5 639.28 333.2
motorbike 0 185.95 175.14 473.51
motorbike 544.57 323.95 640.0 471.39
person 56.77 24.77 105.29 115.61
person 95.57 17.28 204.03 116.08
person 200.12 17.02 251.81 110.84
person 244.74 13.38 289.17 111.38
person 290.07 17.44 370.61 110.42
person 490.48 52.43 527.65 159.7
person 580.75 53.46 630.53 123.56
person 441.26 26.48 497.22 177.15
person 397.55 54.93 429.43 115.86
person 364.68 45.79 391.01 111.15
person 524.38 71.09 551.15 111.35
backpack 559.84 76.19 608.58 123.38
backpack 428.47 82.18 460.38 119.35
person 576.33 49.65 640.0 178.15
person 565.9 58.53 598.06 92.3
person 0 19 639 209