skateboard 220.52 284.95 287.45 344.97
skateboard 118.27 471.33 139.29 542.53
person 21.59 234.44 84.67 379.35
person 39.75 264.4 121.79 463.24
person 248.71 430.69 268.99 492.59
person 229.45 440.69 248.84 492.0
person 222.6 440.24 233.56 489.99
person 328.56 443.02 344.24 501.66
person 231.55 202.79 358.11 314.97
person 313.38 432.46 329.96 471.54
person 1.66 173.12 59.25 402.24
skateboard 0.85 375.77 84.98 565.02
skateboard 103.54 458.06 122.88 550.89
skateboard 142.91 432.64 164.88 537.37
person 205.32 432.2 224.09 492.25
person 39.03 263.16 88.5 321.27
person 0.37 151.28 21.65 183.05
skateboard 201.88 443.48 210.23 489.13
skateboard 237.89 464.74 246.7 489.94
skateboard 333.61 493.3 342.75 499.75
person 27.47 173.47 103.94 266.25
person 1 311 323 639