bird 135.17 379.31 371.03 622.07
chair 93.59 119.74 242.24 411.53
chair 0 0 176.17 598.71
person 253.9 78.35 344.04 337.39
person 189.88 133.47 252.33 342.54
person 339.75 233 354.81 295.78
person 51.54 0 233.38 281.58
person 385.05 250.25 401.26 272.67
handbag 252.88 241.03 291.03 310.24
umbrella 432.69 210.13 460.87 264.22
chair 402.34 274.68 411.48 290.69
person 0 134 72.85 218.86
person 242.83 251.56 256.46 293.52
umbrella 363.04 220.89 388.04 271.67
umbrella 329.58 225.12 365.99 243.53
chair 375.19 274.27 385.35 291.31