car 511.66 186.35 640.0 323.47
motorbike 336.79 219.18 353.61 258.21
bus 369.16 62.54 541.2 293.29
bus 197.14 110.77 317.64 273.59
person 151.89 184.46 209.2 310.55
person 130.07 184.83 189.18 312.58
person 299.76 174.84 329.57 276.1
person 82.39 209.88 104.91 253.94
person 358.49 146.78 370.85 172.49
person 39.01 180.37 81.08 301.45
person 330.22 188.94 360.73 244.91
person 391.25 111.92 418.52 143.34
car 356.28 201.57 371.07 249.14
car 318.24 188.49 340.64 203.42
backpack 160.91 233.4 176.55 266.12
person 578.15 202.01 609.47 225.61
person 556.61 171.3 587.36 221.43
person 127.88 208.95 141.1 252.77
person 611.34 172.76 631.69 223.75
person 490.59 98.91 525.66 144.01
motorbike 82.03 229.93 98.73 255.47
person 1 116 603 267