broccoli 250.97 416.53 327.58 509.58
broccoli 331.29 406.59 427.0 575.25
broccoli 40.66 517.56 112.94 577.8
broccoli 43.39 343.37 88.74 401.67
carrot 275.44 337.17 327.3 390.58
carrot 206.89 289.34 276.44 369.81
broccoli 209.02 202.79 241.9 258.8
broccoli 328.78 84.71 411.65 208.41
broccoli 181.31 254.53 251.48 329.48
broccoli 37.66 265.09 141.22 346.0
broccoli 61.79 376.4 135.18 462.09
broccoli 137.97 433.87 206.13 503.69
broccoli 272.98 269.86 334.91 327.84
broccoli 92.35 90.99 173.99 130.4
carrot 336.49 310.42 392.24 361.76
carrot 199.21 404.18 280.49 468.49
broccoli 224.02 48.74 280.98 100.6
broccoli 1 28 426 587