car 523.45 240.37 559.68 292.18
car 196.03 236.29 243.54 245.15
person 261.02 229.86 298.65 319.55
person 83.36 228.17 117.95 310.42
person 364.15 235.22 420.86 326.07
person 467.93 225.13 505.76 340.63
person 496.29 227.35 518.93 273.05
person 494.5 52.46 506.88 72.18
car 437.14 256.12 454.89 291.87
truck 189.58 28.34 397.23 71.39
frisbee 371.59 121.33 400.0 130.19
person 602.4 257.02 640.0 392.99
car 13.06 243.14 58.27 288.35
car 569.94 63.61 618.99 73.5
car 450.87 241.02 540.36 293.69
car 565 230.69 636.33 250.03
car 381.36 245.85 422.94 272.66