train 2.91 139.47 555.94 363.2
person 609.52 217.8 636.43 296.93
person 576.62 214.9 602.22 295.26
person 603.23 209.68 625.86 293.27
person 531.54 203.88 550.98 275.03
handbag 571.33 256.82 591.58 280.85
suitcase 547.48 257.76 561.53 277.62
person 276.41 111.56 293.46 152.26
person 624.95 208.86 634.08 228.35
person 403.24 116.15 414.01 137.29
person 298.98 111.35 308.83 152.3
person 305.81 106.26 318.35 128.61
person 367.23 108.95 384.21 143.75
backpack 450.46 119.77 461.06 133.35
backpack 573.43 257.82 590.41 281.05
person 244.85 116.75 258.07 152.01