umbrella 362.43 120.81 480.0 199.91
umbrella 185.94 0 480.0 138.49
umbrella 0 38.8 105.95 147.61
umbrella 92.36 83.78 233.83 262.02
umbrella 1.43 128.89 53.02 188.16
umbrella 160.94 131.65 303.67 251.84
person 299.17 309.08 480.0 636.99
person 194.16 69.03 388.31 593.98
person 133.01 207.53 263.69 475.04
person 0 117.48 165.77 565.77
person 101.27 199.74 151.91 319.3
person 137.11 243.32 170.25 329.43
person 426.04 202.67 479.87 351.31
person 377.03 234.43 441.32 320.5
person 370.63 246.46 398.64 301.45