tvmonitor 164.94 155.65 409.88 309.73
clock 480.87 357.01 535.71 425.88
cup 353.75 319.29 383.15 343.54
bowl 9.29 408.68 44.64 432.92
person 302.61 182.98 396.99 283.59
book 207.03 411.27 215.58 459.16
book 257.68 412.97 263.46 447.41
book 307.46 414.01 312.93 464.17
book 357.19 422.19 361.21 474.14
book 142.38 408.81 432.54 473.53
clock 421.31 190.22 440.83 210.04
clock 235.9 109.51 253.42 125.27
person 187.2 204.23 312.03 283.53
cup 152.84 311.67 170.09 335.81
vase 313.4 302.69 352.31 342.37
vase 187.48 298.18 206.48 335.08
vase 227.03 299.72 263.88 339.64
vase 114.66 286.53 152.36 334.04
vase 422.67 292.09 454.18 341.6
vase 464.54 388.05 491.2 429.31
vase 571.3 262.35 607.1 305.68
vase 385.56 291.16 417.33 340.65
vase 355.01 319.54 381.74 341.88
vase 209.94 309.74 226.57 337.7
vase 152.41 311.51 170.6 334.89
bottle 48.78 373.52 83.86 422.57