pottedplant 19.46 113.74 107.76 333.0
chair 194.07 234.89 375.25 330.14
chair 415.72 244.65 499.14 329.5
sofa 1.43 284.58 106.96 329.5
book 54.63 33.67 154.15 71.84
book 76.41 160.93 82.76 189.01
book 52.66 72.24 127.41 108.41
book 96.42 158.77 102.76 189.1
bowl 259.25 153.31 277.85 167.95
pottedplant 0.06 71.43 94.35 291.62
pottedplant 422.16 138.19 500.0 250.07
book 442.52 83.95 453.0 115.79
book 386.74 81.73 390.84 114.87
book 384.4 125.48 393.07 151.12
book 81.99 161.88 87.9 188.54
book 428.74 159.85 436.03 187.94
book 89.37 158.65 93.45 188.38
book 392.15 53.55 395.96 77.04
chair 0 284.94 107.93 333.0
book 125.81 117.83 132.33 146.28
book 53.65 117.43 149.16 149.27