sports-ball 550.62 226.95 557.23 233.46
sports-ball 284.62 232.8 290.92 238.61
sports-ball 174.62 234.95 180.54 240.35
sports-ball 100.67 235.92 107.3 242.81
sports-ball 67.94 235.95 74.24 242.32
sports-ball 602.44 181.64 609.15 187.34
sports-ball 585.5 188.15 588.99 191.76
sports-ball 401.02 172.72 407.22 180.34
car 483.37 126.46 640.0 190.4
car 17.84 131.82 114.02 197.22
car 112.26 136.42 230.19 194.67
person 244.85 107 384.12 388.18
tennis-racket 198.13 99.07 250.07 182.74
car 357.92 120.59 500.16 209.81
sports-ball 288.16 231.61 294.08 237.25
sports-ball 599.26 190.73 604.78 194.88
sports-ball 599.03 177.09 605.05 183.1
sports-ball 593.94 188.32 598.95 193.54
tennis-racket 438.89 181.67 456.36 219.67
sports-ball 598.23 184.24 608.19 190.45
person 397.72 101.6 442.41 240.49
car 245.25 139.56 310.74 182.98
sports-ball 66 172 613 247
