chair 73.92 274.98 97.39 331.32
chair 1.24 294.87 62.98 340.78
remote 440.32 285.94 449.5 289.61
person 94.92 188.76 257.8 473.53
person 201.53 205.15 315.39 405.83
person 311.14 171.14 382.75 465.36
person 380.63 190.95 444.5 422.07
person 422.22 195.82 463.58 393.7
person 139.86 162.53 178.81 191.59
person 250.76 181.36 311.15 421.88
person 362 183.14 403.33 302.54
person 244.83 168.12 284.25 225.82
person 82.79 221.69 130.17 306.62
person 182.84 173.15 221.47 253.9
person 2.54 245.59 82.86 327.28
chair 301.75 303.96 318.68 339.66
chair 452.67 264.15 484.61 334.63
chair 51.26 268.07 85.21 289.49
remote 199.53 188.05 227.12 201.62
remote 371.86 296.11 384.42 308.37