donut 206.58 195.65 254.39 272.84
donut 241.14 190.74 285.04 269.76
donut 274.03 187.19 320.61 273.71
donut 306.05 180.82 342.82 273.71
donut 198.33 163.7 234.15 204.24
diningtable 1.44 0.36 480.0 631.73
donut 255.63 157.39 286.81 198.02
donut 220.92 119.65 291.84 154.78
donut 74.53 423.53 194.83 533.8
donut 0.96 419.63 75.7 526.24
donut 225.05 156.6 263.35 197.59
donut 48.21 525.3 177.87 640.0
spoon 305.55 0.97 367.82 24.2
donut 286.13 151.91 311.05 187.91
knife 307.47 24.8 345.08 43.29
donut 0 38 429 637