cup 19.83 196.42 63.65 233.35
bowl 33.08 70.47 202.79 133.75
vase 15.75 470.4 105.55 615.31
vase 179.99 455.56 246.15 561.99
vase 371.77 475.51 426.37 542.3
vase 274.03 470.94 329.14 517.2
cup 330.56 187.05 372.56 225.34
cup 60.76 199.66 71.16 228.87
cup 73.4 199.99 84.5 230.23
cup 207.85 567.42 259.77 619.34
cup 88.83 509.14 182.24 598.46
vase 314.83 70.31 357.63 145.61
cup 378.39 161.99 442.54 226.88
cup 66.09 201.73 77.71 229.62
cup 261 161.47 334.71 227.04
vase 244.17 511.48 337.51 624.82
vase 365.04 47.37 445.29 145.51
vase 88.03 508.46 180.89 599.88
vase 348.73 531.68 424.39 621.8
bowl 223.57 337.89 337.84 437.5
bowl 151.05 364.84 231.97 442.52