chair 25.26 187.25 34.94 189.53
tennis-racket 284.62 99.67 314.96 179.37
tennis-racket 225.94 205.62 249.28 243.89
person 405.76 173.47 426.59 191.29
person 189.18 138.55 213.98 179.33
person 341.17 139.23 369.83 183.35
person 360.33 140.49 385.31 188.81
person 373.13 135.42 390.69 174.68
person 387.24 146.72 413.42 184.35
person 408.68 145.02 430.92 191.06
person 428.57 145.64 452.54 171.26
person 458.26 151.47 473.71 182.01
person 472.4 142.94 490.03 191.01
person 109.13 161.81 142.02 190.81
person 31.67 160.91 65.25 190.66
person 338.89 170.22 371.83 190.77
person 0 86 639 389
