car 201.58 187.96 323.86 287.65
car 283.14 164.19 318.15 202.3
bus 0 130 251.55 223.77
person 554.47 168.36 614.42 279.35
person 528.27 169.91 565.79 273.91
bicycle 505.2 211.83 614.67 330.63
truck 310.36 99.09 525.38 308.49
person 63.07 157.66 75.11 174.49
person 57.65 158.16 64.37 174.8
cow 224.82 199.42 283.78 299.54
cow 140.75 194.6 206.69 312.97
cow 59 193.03 134.14 314.68
cow 317.5 196.79 402.01 341.06
cow 202.49 183.8 221.35 213.78
cow 404.45 202.83 483.52 336.84
cow 51.45 186.22 118.14 262.44
person 376.66 144.89 410.93 182.42
person 446.91 150.58 495.29 187.59
person 22.63 162.43 30.46 175.66
cow 112.37 202.06 155.59 306.87
cow 241.53 179.22 261.06 190.54