broccoli 225.97 226.89 306.13 297.33
broccoli 335.09 138.68 487.92 331.13
broccoli 258.64 338.82 355.76 374.96
broccoli 233.56 295.23 296.42 351.01
broccoli 137 265.55 196.45 304.13
broccoli 184.46 195.24 268.7 243.88
broccoli 276.42 190.3 335.28 248.1
broccoli 294.8 265 367.23 355.75
carrot 303.1 233.23 354.07 273.52
carrot 173.99 325.65 205.4 360.64
oven 0 44.49 590.02 474.88
broccoli 276.33 339.46 303.78 351.21
carrot 215.96 165.46 254.65 205.67
carrot 413.27 324.92 436.73 343.09
carrot 159.46 237.02 194.38 271.02