person 149.55 53.37 221.9 206.61
person 307.29 28.21 345.16 90.47
person 438.7 55.11 526.95 205.53
person 521.96 31.97 567.68 107.81
person 172.16 11.18 197.21 55.9
person 107.95 10.89 141.33 111.09
person 322.44 20.88 343.05 53.97
person 71.13 5.85 99.52 78.57
person 0 0.21 25.12 121.48
person 155.33 45.3 173.93 67.96
elephant 271.01 131.06 542.83 348.67
elephant 112.2 66.73 640.0 335.52
elephant 257.61 52.83 385.51 150.45
elephant 177.21 36.92 277.67 147.66
elephant 0 68.51 73.78 309.32
elephant 53.57 66.55 232.66 195.51
elephant 617.6 152.81 640.0 266.67
elephant 94.52 32.11 158.18 73.73