car 326.24 217.04 398.42 253.29
car 364.22 213.61 421.4 238.0
car 462.94 214.83 482.28 241.08
bus 477.82 84.1 640.0 305.54
chair 75.12 282.39 164.64 409.08
truck 0 113 317.49 277.67
handbag 466.81 234.07 484.42 280.17
truck 479.67 118.21 640.0 302.66
person 430.49 208.79 476.77 349.78
person 414.45 202.05 443.4 342.5
person 97.18 201.07 203.92 383.12
person 216.49 193.04 247.22 289.45
person 0 204.86 28.11 355.14
person 20.09 229.89 37.81 283.28
person 136.99 216.81 182.29 322.52
person 164.65 191.89 195.72 242.06
diningtable 513.24 264.8 591.61 380.97
diningtable 367.19 249.37 414.22 335.17
diningtable 346.22 240.71 394.93 309.73
diningtable 221.82 235.51 272.31 308.55
person 24.53 220.35 71.58 312.88
handbag 174.04 234.93 205.12 273.23
chair 41.07 253.94 94.21 345.68
diningtable 25.35 254.16 47.49 262.35
car 363.17 211.57 381.39 220.79