bottle 105.79 277.75 150.95 352.87
bottle 121.75 272.49 180.43 336.64
bottle 137.54 263.43 176.27 311.77
bottle 160.27 248.36 179.27 285.61
bottle 168.06 237.87 185.47 265.73
bottle 140.95 256 177.63 290.6
bottle 175.05 235.76 185.67 252.21
person 315.54 56.12 638.56 440.26
person 281.39 98.88 454.88 344.05
person 25.61 218.59 212.99 549.95
person 183.72 122.37 316.8 190.49
bottle 154.53 247.11 178.31 288.44
wine-glass 78.55 189.37 108.92 227.24
cup 367.04 200.07 386.97 218.81
person 401.6 7.48 607.38 344.22
handbag 502.51 255.7 542.65 314.75
wine-glass 283.19 147.99 297.62 154.89
cup 140.87 315.74 174.67 352.65
person 161.61 132.67 516.36 547.53
