kite 338.12 108.07 344.39 126.04
kite 318.65 120.29 321.24 124.49
person 125.53 214.47 135.61 241.5
dog 115.93 233.22 129.12 241.39
person 187.41 200.62 196.81 219.52
person 286.95 201.45 293.21 215.57
person 240.31 216.3 248.26 236.19
person 345.71 205.64 352.96 217.19
person 391.25 209.81 398.44 231.26
person 455.33 201.44 461.21 218.34
person 238.65 202.81 244.34 221.85
person 130.3 206.75 141.59 213.37
person 167.84 197.92 177.28 219.76
person 73.2 208.15 86.31 230.36
person 175.27 203.61 184.38 220.68
person 214.8 202.68 222.76 216.02
dog 452.8 215.46 458.4 218.55
dog 291.17 211 300.45 215.96
person 117 214 125 233