tie 33.54 113.16 47.74 156.4
person 40 40.8 273.6 434.44
person 10.07 38.14 57.05 114.2
person 97.86 36.02 148.52 125.61
person 139.64 46.73 192.57 131.19
person 0.49 82.36 71.6 210.62
person 220.39 48.18 272.34 131.1
person 271.23 54.01 320.34 130.41
person 319.21 41.46 373.05 130.91
person 165.92 6.73 219.73 75.11
person 264.05 12.23 305.46 99.2
person 86.18 0 134.37 67.27
person 274.28 104.76 355.55 248.0
tennis-racket 1.68 7.01 57.62 53.07
person 183.63 50.66 224.55 117.83
person 1 0 374 249
