bottle 424.71 72.59 463.94 184.96
bottle 383.71 64.67 419.33 170.49
bottle 337.71 57.54 374.33 152.26
chair 518.93 39.33 640.0 121.22
diningtable 0 57.68 640 420.99
cup 75.94 207.06 161.56 352.39
cup 395.37 230.71 477.69 380.05
cup 463.54 78.43 526.66 196.14
fork 510.97 197.97 607.19 307.93
fork 547.03 201.7 618.07 289.75
fork 561.69 201.18 604.2 289.93
bowl 181.3 163.84 294.88 241.31
bowl 375.46 196.4 585.23 358.34
bowl 64.81 196.41 200.13 283.14
bowl 288.46 147.19 414.54 251.3
carrot 210.16 182.27 281.83 231.2
cup 290.59 65.81 340.18 164.15
fork 581.14 268 620.52 306.38
fork 584.38 257.98 632.31 281.37
chair 52.01 1.11 219.09 120.61
bottle 30.13 238.95 100.93 341.06