bottle 350.4 392.08 404.44 557.22
bottle 396.46 290.45 413.68 316.73
bottle 410.08 290.88 430.62 325.03
person 0 67.06 230.63 503.02
person 155.33 184.09 444.4 474.61
wine-glass 240.14 441.65 312.85 575.85
cup 208.54 569.53 335.1 632.81
bowl 24.28 494.43 54.89 540.35
cake 233.29 434.74 351.61 497.34
chair 150.86 321.9 188.49 387.63
wine-glass 344.15 392.09 375.27 460.83
cup 238.52 496.74 313.02 554.77
bowl 140.73 302.48 195.37 338.43
cup 343.58 393.18 376.47 460.01
cake 276.6 428.62 338.52 455.01
