person 247.91 566.31 273.42 603.01
person 174.42 521.47 187.77 557.71
person 208.08 527.94 225.38 562.54
person 168.46 526.37 175.11 543.27
person 521.71 546.27 544.73 581.17
person 126.5 531.12 134.56 544.0
person 479.1 583.09 497.57 614.73
person 45.14 532.97 54.91 559.54
person 116.19 531.79 120.64 543.64
bicycle 471.42 590.92 506.29 623.1
person 61.74 531.18 72.17 557.28
person 287.88 547.19 297.22 559.99
person 144.68 531.26 154.63 543.34
kite 177.12 265.89 216.73 283.61
person 54 532.23 61.69 557.64
person 12 524 393 557