car 206.97 88.46 248.45 121.25
backpack 440.08 97.83 468.4 150.33
handbag 294.72 102.47 311.67 140.32
handbag 9.34 162.92 46.2 222.88
handbag 191.98 152.02 207.04 165.36
car 339.51 90.91 347.58 96.66
car 346.09 92.78 364.74 110.18
car 425.63 84.58 444.8 113.06
car 333.45 83.28 343.35 87.45
car 299.29 89.93 324.23 105.76
person 0 102.45 50.41 311.62
person 19.08 26.41 145.89 244.22
car 210.46 86.1 249.58 107.78
apple 317.96 337.73 411.91 397.08
apple 291.89 354.31 438.74 426.0
apple 433.06 379.56 461.4 409.59
apple 411.36 325.68 592.71 426.0
apple 566.38 324.65 586.35 344.46
apple 343.25 313.4 363.93 332.26
apple 388.36 276 488.16 333.45
apple 503.54 308.09 640.0 374.15
apple 326.39 304.81 344.72 327.73
apple 566.08 380.43 640.0 420.72
apple 0 344.47 71.8 419.14
apple 40.21 339.68 195.29 422.01
orange 191.76 199.1 252.25 209.13
orange 281.75 174.16 291.6 182.43
orange 162.63 220.71 222.01 242.7
orange 212.2 215.3 224.87 222.79
orange 212.59 206.72 242.7 223.01
person 122.57 54 163.74 205.68
person 167.39 86.97 200.85 172.1
person 197.06 98.17 251.53 165.68
person 257.25 80.61 302.72 164.61
person 304.64 95.39 339.92 166.66
person 426.08 74 480.96 193.55
person 469.55 71.19 514.3 210.1
person 522.33 77.62 573.69 261.46
person 562.36 109.75 638.06 275.21
person 573.08 78.34 606.72 141.36
car 342.1 86.82 384.99 106.3
handbag 179.93 110.17 195.43 150.23
orange 280.93 181.46 286.7 183.97
orange 266.49 173.46 274.46 182.48
orange 272.25 173.19 276.39 178.8
orange 278.74 171.86 285.22 180.89
orange 260.28 160.05 306.13 184.17
orange 298.61 172.41 303.92 177.72
orange 200.23 212.78 211.24 221.75
person 540.6 57.63 592.48 109.51
handbag 0.2 200.53 44.31 236.17
apple 18.86 288.99 135.34 341.13
orange 290.59 163.22 340.62 187.03
orange 160 161 321 243
person 94 56 583 245
apple 7 275 638 425