person 301.74 159.03 561.61 468.29
clock 548.56 420.62 554.28 429.7
kite 205.8 158.89 388.5 303.18
bottle 185.35 436.74 203.57 464.78
bottle 220.99 434.5 240.34 459.89
bottle 254.52 431.14 276.51 449.68
bottle 256.12 403.59 273.96 423.54
bottle 237.05 401.81 258.24 426.88
wine-glass 166.2 373.04 185.42 398.85
wine-glass 185.66 376.67 203.25 399.81
cup 590.07 175.3 607.18 200.31
cup 606.98 172.57 629.1 198.57
cup 599.51 67.05 634.26 92.4
cup 620.68 263.12 633.43 279.09
bowl 584.19 374.78 640.0 400.27
apple 588.75 365.76 601.7 374.89
vase 210.23 311.86 239.93 358.65
bottle 222.81 405.26 240.17 432.94
bottle 202.12 404.74 221.43 432.79
bottle 182.79 405.27 201.98 433.47
bottle 165.94 407.75 184.51 436.09
bottle 205.23 436.62 222.57 461.58
bottle 219.91 461.76 241.03 480.0
bottle 167.09 467.67 185.75 480.0
wine-glass 225.21 368.23 242.03 399.71
wine-glass 205.96 369.3 223.88 403.28
wine-glass 245.94 367.21 258.09 404.61
cup 269.57 342.61 289.03 358.18
cup 556.38 350.18 583.11 380.96
cup 603.84 262.45 623.7 281.47
cup 555.12 177.73 567.5 204.86
apple 616.47 374.94 631.67 382.21
apple 596.39 373.17 607.6 379.48
apple 615.25 365.03 628.0 376.96
bottle 198.83 405.93 208.33 425.85
bottle 187 336 557 479
