car 352.52 106.81 374.81 143.51
person 5.86 128.97 44.46 225.03
person 272.03 91.66 279.26 119.48
person 166.26 95.59 187.5 145.79
person 224.68 99.28 241.49 148.51
person 216.1 105.52 228.06 148.11
person 193.02 105.99 208.12 148.67
person 202.03 101.02 209.47 127.83
person 284.49 100.02 291.42 119.98
person 185.1 101.93 196.22 144.55
bicycle 68.03 170.07 104.79 236.56
motorbike 289.46 145.02 391.69 188.73
truck 442.94 47.45 480.0 120.89
traffic-light 405.71 44.25 410.07 53.51
traffic-light 387.16 59.3 391.07 64.17
traffic-light 347.48 73.99 353.35 79.86
fire-hydrant 196.29 142.85 209.42 175.93
person 346.14 85.5 352.5 103.25
bicycle 340.04 229.29 377.4 268.61
car 376.74 81.29 451.85 168.08
motorbike 190.9 192 404.15 299.99
motorbike 351.19 207.22 422.99 277.34
motorbike 333.47 178.06 407.69 228.56
motorbike 393.63 187.63 414.36 226.23
motorbike 314 149.64 379.28 162.26
motorbike 319.96 127.51 412.91 180.54
person 37.56 102.67 58.42 122.58
motorbike 108.92 203.38 416.5 393.62
person 259.57 92.4 269.14 130.68
person 300.63 87.37 306.76 96.68
motorbike 0 333.62 460.47 627.86
motorbike 297.78 164.25 402.97 196.69
motorbike 228.83 213.09 293.71 239.23
motorbike 298.35 142.57 336.9 168.07
person 307 81 380 117
motorbike 112 92 444 496
