umbrella 89.57 74.4 280.31 205.07
umbrella 262.99 61.08 438.31 140.3
person 107.46 103.27 298.81 385.35
person 190.45 105.91 285.62 235.56
person 279.7 85.71 515.72 372.63
person 0 0 79.97 233.1
person 387.92 0 424.42 53.71
person 341.15 83.44 475.28 308.4
person 498.75 0.28 635.88 234.72
person 68.65 0 178.49 160.54
bench 447.82 195.39 640.0 246.09
bench 445.3 163.57 537.47 191.55
bench 409.31 127.95 640.0 170.39
bench 415.18 140.05 528.49 159.76
bench 411.91 95.14 499.38 122.52
bench 399.6 75.2 508.76 99.74
bench 462.61 245.03 637.93 309.46
bench 2.11 243.98 124.63 320.02
bench 179.55 64.43 293.62 88.72
bench 329.77 49.89 524.15 67.29
tie 163.74 159.51 181.3 190.03
person 165.98 0 248.47 68.09
person 48.75 0.12 85.41 61.44
bench 318.62 29.3 638.47 51.27
bench 599.8 79.84 640.0 91.12