tennis-racket 245.66 241.75 275.57 294.6
person 441.08 171.35 475.68 208.11
person 210.04 153.64 297.84 325.21
person 396.76 125.95 427.03 164.86
person 120.13 156.5 148.67 199.07
person 294.48 153.73 360.21 324.44
person 504.63 174.19 531.43 202.16
person 368.8 105.02 401.58 145.5
person 39.7 159.51 65.63 197.14
person 456.76 49.31 485.31 85.35
tennis-racket 328.69 221.46 359.35 280.56
chair 441.44 418.92 539.7 480.0
person 373.31 14.41 393.25 45.1
person 419.72 78.47 443.63 109.94
person 149.56 157.58 179.42 201.95
person 443.76 74.56 473.66 97.7
chair 543.58 425.14 639.58 472.52
chair 366.65 191.91 394.1 201.42
chair 326.52 110.71 348.17 126.8
chair 303.43 112.29 326.86 128.47
chair 159.66 128.02 184.94 148.19
chair 85.99 112.6 110.6 132.43
chair 133.32 128.28 158.21 146.74
chair 64.81 112.15 84.53 127.31
chair 375.62 68.21 395.33 84.86
person 0 0 639 350
