car 0.88 107.26 28.14 161.37
car 0.34 93.91 60.56 144.86
apple 208.31 140.7 319.08 225.25
apple 208.43 270.12 315.05 356.3
orange 208.15 181.42 316.78 292.37
orange 251.21 91.66 282.22 126.12
orange 268.9 81.57 303.28 108.63
orange 246.97 358.05 271.17 382.43
orange 274.72 358.47 300.94 385.26
orange 208.59 71.22 323.73 156.75
orange 264.61 339 289.39 367.64
orange 287.48 334.83 311.19 359.83
orange 256.49 376.74 284.49 401.13
pottedplant 72.32 308.14 289.53 601.84
pottedplant 265.97 409.63 478.0 545.21