person 13.3 138.39 161.68 333.23
bicycle 204.1 243.54 345.34 413.16
bicycle 352.98 180.82 462.62 351.06
bicycle 585.71 147.96 640.0 257.74
bicycle 19.24 251.99 189.47 420.31
bicycle 594.26 156.4 613.04 222.16
bicycle 546.5 170.63 569.54 236.92
handbag 18.06 123.48 37.17 181.34
handbag 209.19 85.67 227.19 117.22
person 313.07 103.38 397.2 239.43
person 359.97 94.92 459.23 268.38
person 479.26 92.74 549.31 196.34
person 419.81 38.8 433.22 56.41
person 112.53 87.52 204.86 278.92
person 444.35 164.47 638.63 423.19
person 99.34 0 157.46 121.53
person 157.17 0 194.07 68.75
person 248.72 30.87 276.94 91.26
bicycle 459.81 85.04 492.55 111.12
bicycle 566.95 130.44 598.82 203.05
bicycle 130.3 207.15 185.43 287.34
bicycle 321.67 194.04 388.92 325.72
bicycle 432.89 174.57 490.97 274.23
bicycle 125.4 208.22 222.04 318.79
handbag 62.19 67.27 84.51 99.92
person 16.72 26.19 59.07 138.77
person 175.11 26.99 216.39 154.21
person 199.02 131.99 333.3 370.18
person 1 0 639 228
bicycle 66 45 163 91