bottle 117.8 240.06 187.5 367.22
bottle 161.16 308.86 191.7 375.0
chair 338.31 164.36 398.0 260.57
chair 198.48 176.01 258.51 297.25
chair 215.46 143.2 239.56 181.14
cup 360.24 244.16 400.59 302.84
cup 406.6 220.17 443.94 291.0
cup 23.41 333.22 63.38 374.52
knife 200.18 318.76 314.32 335.91
pizza 251.57 332.18 316.65 352.05
person 3.32 21.46 218.16 352.18
person 230.9 81.74 364.04 293.26
person 236.8 17.7 318.54 154.21
person 322.99 67.2 354.03 133.47
person 400.99 57.33 432.52 125.97
person 407.02 33.71 497.19 158.43
person 396.18 90.22 500.0 233.16
cup 167.23 253.8 205.24 358.53
cup 455.06 246.91 500.0 369.94
knife 331.24 337.91 414.87 364.32
pottedplant 174.33 28.9 250.79 130.73
diningtable 279.78 226.69 497.19 331.18
diningtable 203.09 275.56 363.2 316.85
refrigerator 361.78 67.55 409.94 130.47
vase 207.72 64.57 243.68 131.29
bottle 61.88 295.04 107.8 352.71
fork 200.56 335.81 276.92 352.04
knife 335.17 333.11 391.55 347.85
chair 3.63 243.51 14.2 289.18
pottedplant 356.41 23.51 428.08 70.08
vase 387 51.77 403.9 66.95
person 0.76 85.92 52.06 266.11
person 170.73 99.24 220.85 177.64
person 351.7 100.81 415.13 169.2
person 23.11 70.76 55.87 109.59
cup 374.68 196.4 413.82 277.14