cell-phone 511.7 163.27 521.3 218.4
cell-phone 256.3 306.82 278.27 318.28
car 590.03 198.92 640.0 305.34
person 191.01 135.62 341.91 425.0
person 308.48 102.19 578.76 420.22
person 325.73 157.19 399.65 281.8
person 0 186.24 208.2 418.31
person 0 138.32 118.43 420.07
person 173.89 156.31 227.51 240.7
person 115.27 154.89 145.93 193.68
person 97.43 166.5 125.89 212.58
person 152.53 155.85 191.08 193.06
person 0 175.42 34.4 252.96
person 160.65 151.32 169.06 161.46
person 138.33 155.33 159.06 186.43
backpack 221.41 199.76 312.77 263.4
bottle 282.02 318.39 301.36 386.23
person 80.77 158.46 103.91 203.8
person 0 129 305 244
