refrigerator 90.42 0.48 426.0 640.0
bottle 327.51 107.12 365.23 228.32
bottle 313.92 120.21 332.71 234.88
bottle 230.2 236.35 257.34 256.85
bottle 206.63 239.95 230.1 253.48
bottle 151.53 341.76 180.46 374.72
bottle 158.12 240.42 182.73 258.47
bottle 183.26 239.11 206.78 258.13
bottle 258.09 234.33 289.26 255.2
bottle 302.88 431.5 333.35 529.59
bottle 156.22 172.26 188.97 218.56
bottle 121 237.36 158.1 259.85
bottle 332.37 358.9 359.14 431.25
bottle 221.07 397.18 260.68 425.07
bottle 109 156 360 407