horse 181.49 249.02 263.27 293.5
horse 90.58 282.95 191.22 331.12
horse 361.47 209.9 437.91 255.87
motorbike 316.97 291.89 386.08 325.69
motorbike 356.54 251.97 412.33 280.38
motorbike 101.52 216.59 148.0 242.97
motorbike 243.37 196.51 286.27 219.33
bench 502.96 189.82 545.03 208.16
bench 312.53 196.6 353.67 214.48
bench 183.94 199.69 222.74 216.64
bench 132.67 200.46 172.29 217.73
person 140.39 284.37 166.75 322.46
person 321.62 271.95 349.98 312.97
person 92.6 180.67 115.93 211.54
person 219.71 245.84 240.51 277.91
person 44.42 185.95 55.36 213.99
person 367.57 235.99 389.25 275.84
person 394.84 205.84 413.97 240.18
person 57.2 179.3 69.76 214.05
person 224.37 186.7 234.14 212.98
horse 359.03 180.89 416.52 219.68
person 115.63 205.78 129.52 239.84
person 18.75 182.32 30.05 215.76
person 335.3 273.28 361.1 304.66
person 106.56 206.1 120.52 231.18
person 1 175 438 334