pottedplant 6.59 93.28 40.89 127.94
refrigerator 69.24 111.08 217.35 359.2
bowl 340.96 219.72 381.92 229.48
apple 355.41 205.08 369.82 213.85
apple 345.77 217.14 352.28 222.66
orange 368.07 212.14 380.22 222.76
microwave 327.14 129.99 394.89 159.63
oven 318.49 203.72 391.51 229.62
toaster 287.37 177.33 326.82 199.33
spoon 254.33 165.7 260.09 180.82
bowl 433.55 211.52 455.0 225.35
orange 354.69 217.64 365.83 223.25
chair 2.89 205.33 26.93 290.92
sink 216.25 202.36 239.06 208.82
vase 257.51 180.86 266.02 198.13
vase 271.88 178.49 282.98 198.62
diningtable 320.7 203.6 481.96 260.6
diningtable 22.87 210.81 35.17 225.15
orange 360.4 206.68 369.53 213.41
chair 24.18 233.97 52.11 316.64