car 0 225.84 128.93 370.79
car 352.68 189 382.66 221.09
car 305.36 186.39 326.66 215.91
car 455.2 183.95 498.23 213.25
traffic-light 110.41 61.34 150.58 98.13
person 137.15 156.95 167.85 248.02
person 247.81 173.57 268.17 230.32
person 329.09 176.46 338.0 223.22
car 265.04 198.06 279.62 214.13
person 332.53 176.07 354.62 228.93
truck 457.33 182.33 498.72 213.48
truck 380.22 176.03 466.26 230.04
traffic-light 153.65 63.31 168.3 95.71
traffic-light 108.99 19.49 150.55 54.59
person 431.42 184.49 438.86 192.97
person 100.86 167.78 114.95 227.08
car 0 183.19 94.97 255.53
car 476.12 189.78 500.0 226.56
