sheep 9.25 179.06 79.02 227.94
sheep 71.11 183.95 132.61 225.62
sheep 97.61 179.7 141.26 216.5
sheep 129.35 180.74 172.48 223.63
sheep 141.28 185.94 216.29 228.4
sheep 226.13 168.1 242.66 187.43
sheep 279.43 168.13 328.54 210.16
sheep 331.16 151.19 368.08 172.66
sheep 325.44 170.74 373.99 204.44
sheep 364.07 154.23 398.31 192.35
car 3.09 224.66 90.33 345.1
sheep 189.4 187.34 237.2 226.69
sheep 388.92 158.55 436.68 195.77
sheep 290.2 155.68 332.26 173.19
sheep 126.36 168.23 174.93 185.22
sheep 0 151 420 227