chair 95.5 279.16 175.39 427.0
chair 69.75 173.59 151.72 269.92
chair 518.09 133.38 576.21 200.69
diningtable 435.04 230.08 640.0 420.97
person 146.64 98.14 191.58 153.97
person 130.5 118.02 388.62 427.0
person 541.23 95.07 603.21 200.79
diningtable 0 155.8 169.08 286.67
cup 404.87 291.32 441.75 331.92
diningtable 297.15 141.85 356.55 202.57
laptop 252.55 204.15 358.65 275.95
keyboard 301.96 272.94 393.4 309.11
chair 519.94 233.66 577.48 264.46
pottedplant 460.57 117.47 515.96 238.17
mouse 349.55 322.32 374.64 326.5
scissors 431.97 263.31 451.68 292.25
person 311.28 94.75 351.83 150.25
person 7.36 108.92 34.67 164.14
pottedplant 102.37 141.53 122.34 167.17
pottedplant 227.82 94.73 240.17 118.42
tvmonitor 348.05 175.14 443.68 287.45
tvmonitor 182.41 111.26 240.83 139.26
tvmonitor 32.75 106.97 101.49 169.5
tvmonitor 585.17 101.12 619.93 133.99
chair 319.1 124.9 321.91 128.29