laptop 93.56 284.76 333.43 409.17
laptop 221.57 221.57 406.85 318.03
laptop 478.36 158.61 523.26 220.14
laptop 537.36 157.16 597.26 215.25
person 0.96 13.54 288.43 420.22
person 141.03 24.46 422.14 418.01
person 282.7 41.07 467.98 419.27
person 401.77 79.28 544.25 317.97
person 422.36 68.4 443.14 108.16
person 538.62 45.97 624.04 273.04
person 569.74 5.92 640.0 219.44
chair 0 115.34 56.7 424.95
person 468.99 93.01 596.05 177.71
person 344.19 54.9 500.36 384.48
laptop 371.02 176.23 458.78 265.78
laptop 505.7 146.74 542.86 207.07
person 522.99 16.64 582.45 109.13
person 467.77 69.14 528.46 165.23
laptop 428.72 169.32 509.63 243.34