teddy-bear 301.72 212.37 391.15 348.95
backpack 324.83 232.6 331.0 255.32
backpack 302.31 73.84 325.06 109.79
person 263.53 46.17 340.48 242.37
person 505.67 103.04 573.45 202.22
person 334.71 289.5 443.39 422.23
person 383.76 219.29 494.36 414.53
person 238.61 262.44 363.98 428.0
person 134.35 262.94 283.09 422.24
person 40.84 230.96 154.34 428.0
person 0 266.54 70.37 422.7
person 104.63 118.52 196.11 298.42
person 220.32 156.3 294.97 339.24
person 315.29 172.64 393.18 259.65
person 419.34 162.54 477.05 293.35
backpack 556.37 336.42 629.47 428.0
backpack 0 217.11 52.35 276.38
backpack 549.78 64.65 578.86 116.58
backpack 433.29 230.18 465.86 277.61
person 349.4 73.6 396.45 168.98
handbag 132.46 193.17 192.46 304.95
handbag 154.53 364.82 201.24 427.78
handbag 579.83 131.74 638.25 224.33
handbag 521.92 76.13 542.35 111.93
handbag 312.08 39.7 325.14 74.45
cell-phone 129.95 157.01 140.76 171.18
backpack 286.18 243.79 305.63 271.66
handbag 360.66 388.55 427.65 427.54
person 1 0 639 427
