person 112.35 368.33 120.6 384.57
person 361.82 341.93 365.38 353.67
person 93.12 349.76 99.13 360.48
kite 262.37 174.7 302.28 210.16
kite 54.07 245.41 75.91 281.24
boat 81.79 339.91 105.38 348.09
kite 359.91 120.47 394.54 165.65
person 270.92 352.39 276.89 364.33
person 447.24 322.05 450.66 330.89
person 354.88 325.06 357.78 330.51
person 422.56 322.81 424.35 330.62
person 434.63 317.99 438.15 324.05
person 411.2 314.37 415.24 322.05
person 388.61 319.64 391.8 326.35
person 72.97 325.72 82.35 330.72
person 102.3 323.94 105.67 332.21
person 39.55 329.82 42.58 335.4