bicycle 15.72 321.24 128.5 384.06
car 391.47 251.47 552.72 336.15
car 551.58 285.32 586.98 320.19
train 47.87 219.06 447.06 319.58
person 185.66 258.1 231.67 386.33
person 224.11 272.16 247.64 357.71
backpack 128.75 277.37 141.31 306.11
person 146.89 270.59 174.35 331.76
person 96.54 259.39 132.2 355.25
person 43.37 273.25 101.71 359.73
person 625.1 274.07 640.0 325.91
person 608.14 278.9 623.81 327.21
person 595.89 276.47 607.58 324.82
person 284.29 271.62 296.67 323.28
person 175.88 272.91 197.42 353.47
person 132.47 266.95 157.12 333.35
person 82.73 270.58 91.21 284.72
person 89.06 262.77 100.17 319.37
backpack 48.43 296.62 63.93 311.41
backpack 192.97 280.2 203.03 308.44
person 107 252 407 330