cell-phone 278.03 217.97 356.7 249.51
chair 258.18 102.51 327.76 147.17
chair 8.61 227.06 151.94 284.8
diningtable 0 256.1 480 630.03
person 207.1 0 480.0 409.89
person 131.98 1.64 246.31 227.2
cup 90.65 371.26 174.14 482.57
fork 194.57 327.83 251.35 368.87
knife 157.36 320.12 238.01 376.58
vase 32.78 219.41 87.43 426.51
backpack 193.5 114.98 452.54 320.88
handbag 271.83 114.2 452.63 295.87
handbag 167.43 0 230.87 94.85
spoon 451.17 589.06 480.0 640.0
sandwich 243.55 351.04 385.08 399.34
clock 193.47 45.9 202.24 61.5
handbag 201.37 267.54 282.83 317.76
fork 418.13 571.59 460.14 639.86
fork 195.08 353.71 211.85 364.41
sandwich 221.69 533.13 295.76 589.56
sandwich 96.01 491.2 228.41 608.75
