pottedplant 76.76 68.11 115.68 139.46
chair 264.58 171.57 343.21 291.99
chair 229.86 152.07 266.76 217.08
chair 349.37 179.92 364.35 242.61
chair 284.87 227.29 356.31 377.07
diningtable 304.94 216.85 622.31 419.01
bottle 341.82 220.35 380.06 346.06
bottle 487.08 65.32 510.37 131.54
bottle 81.52 289.78 130.02 375.65
bowl 203.24 389.73 367.57 478.38
bowl 163.62 321 291.99 404.38
bowl 20.94 348.91 90.95 377.97
bowl 554.22 446.76 640.0 480.0
microwave 45.54 136.51 116.43 213.04
tvmonitor 551.89 11.93 640.0 123.94
oven 1.08 40.84 48.43 194.74
oven 1.08 191.57 45.2 353.0
vase 76.03 102.66 110.1 140.46
chair 337.49 158.05 352.14 182.15