umbrella 295.9 112.13 403.49 148.79
chair 286.66 205.8 485.41 282.36
person 0 142.12 70.34 232.24
person 389.5 134.42 475.38 223.08
diningtable 2.16 278.29 640.0 474.61
person 14.81 146.09 72.38 268.9
diningtable 37.43 196.2 114.04 276.9
fork 219.83 70.61 284.59 325.37
hot-dog 118.87 303.21 417.44 447.32
chair 446.48 200.87 478.62 237.6
pottedplant 370.48 51.05 462.5 117.25
pottedplant 371.1 142.84 394.08 185.9
pottedplant 119.92 47.75 260.42 151.06
person 319.59 143.26 397.52 216.14
chair 497.81 210.69 518.86 249.69
chair 511.66 194.69 535.0 258.72
chair 0.8 205.54 30.1 278.26
chair 147.92 191.84 164.36 211.08
chair 175.9 191.07 179.63 210.24
diningtable 233.78 204.5 321.73 254.82
person 227.16 169.05 235.93 183.08
handbag 13.88 233.92 53.74 280.53
person 108.73 119 157.03 251.42
