chair 115.15 33.58 179.44 118.98
tennis-racket 167.14 329.39 239.25 426.92
person 175.99 35.1 475.09 421.71
person 378.24 29.47 410.48 77.69
person 431.07 16.13 469.55 66.67
person 248.05 35.46 287.39 68.99
person 0 45.84 50.98 138.9
person 269.63 54.69 319.53 105.55
person 187.65 7.66 234.56 153.18
person 276.64 26.4 301.0 64.57
person 213.63 0 251.9 73.68
person 260 0 301.58 41.19
person 589.02 23.23 640.0 80.71
person 580.24 78.59 639.23 207.9
chair 361.07 16.3 406.07 27.03
person 1 0 544 121
