bottle 276.85 181.19 285.64 206.75
clock 233.69 0 269.49 29.89
bottle 287.92 151.48 292.83 163.02
bottle 280.17 152.1 284.53 164.72
bottle 291.76 140.17 297.73 149.76
bottle 274.27 137.92 280.35 162.77
bottle 303.3 167.77 310.96 182.82
bottle 296.88 137.38 303.36 153.33
bottle 294.88 193.35 300.09 211.88
chair 384.89 203.43 475.62 368.65
chair 211.61 251.62 338.59 425.0
chair 85.49 258.55 174.05 383.56
chair 550.14 170.68 636.72 303.61
diningtable 164.56 194.35 400.54 259.29
diningtable 535.87 163 562.5 184.73
cup 230.64 169.37 247.51 185.54
cup 248.78 159.63 264.05 173.49
cup 248.35 173.98 265.45 186.7
diningtable 2.29 166.53 70.77 245.34
diningtable 462.41 113.54 549.26 132.17
person 560.16 113.11 640.0 282.77
person 514.2 100.48 583.62 261.36
person 347.69 122.08 479.38 354.59
person 369.09 116.53 431.75 203.28
person 321.76 96.14 404.03 181.38
person 277.34 91.86 334.32 152.2
person 216.67 98.5 264.37 171.69
person 196.64 109.27 232.84 180.86
person 142.3 120.34 202.47 245.45
person 412.15 69.37 462.75 135.33
person 63.62 113.02 223.08 395.11
person 30.15 108.94 87.52 253.97
cup 319.16 141.32 327.98 159.28
cup 6.26 158.23 14.14 171.48
chair 235.27 100.81 260.0 132.87
chair 176.41 102.39 202.59 117.45
chair 506.76 145.96 546.33 258.79
chair 107.27 105.59 140.24 146.79
chair 474.51 119.64 506.65 185.43
bottle 287.08 169.37 297.74 200.11
diningtable 240.3 139.11 349.08 170.92
diningtable 144.09 109.76 279.77 125.92
diningtable 493.02 131.9 529.21 185.86
person 226.11 63.28 254.96 84.83
tie 422.4 175.8 435.24 203.96
cup 12.43 157.14 21.18 169.39
cup 211.54 91.86 219.16 99.23
chair 147.61 103.07 176.06 155.5
chair 65.69 107.7 91.03 132.15
chair 269.14 99.68 294.26 151.42
chair 467.61 112.93 490.64 166.47
cell-phone 423.03 81.01 427.58 90.01
chair 320 103 359 129
