person 21.57 310.21 182.65 556.14
person 23.58 201.8 106.28 255.54
person 67.27 172.81 100.74 231.05
person 86.84 177.68 113.98 209.13
person 121.88 189.78 153.56 230.23
person 169.71 163.52 201.35 231.11
baseball-bat 230.5 192.5 250.54 262.12
person 311.35 134.77 332.97 216.94
person 327.35 170.85 359.57 220.41
baseball-glove 132.55 349 184.73 399.27
person 410.91 125.01 467.84 292.96
person 275.59 193.56 290.31 205.38
person 154.32 193.93 170.74 231.19
person 98.94 193.73 146.52 247.96
person 198.92 204.62 317.18 518.73
person 22 144 309 227
