person 409.28 232.05 415.03 245.18
person 348.85 343.92 360.66 383.42
person 242.04 377.34 263.62 408.57
person 176.09 356.59 194.52 390.68
person 606.1 309.09 626.13 333.54
person 578.52 302.18 588.98 322.22
person 338.41 356.3 358.43 389.46
person 405.32 350.48 417.52 394.65
person 485.73 209.44 490.22 216.64
boat 578.05 206.05 600.03 216.45
boat 456.32 160.24 493.04 227.33
boat 421.72 190.42 435.75 195.4
boat 370.47 191.93 414.99 202.3
boat 230.73 210.34 329.2 224.54
boat 296.92 152.07 354.59 201.95
boat 242.9 150.89 308.33 208.55
boat 404.79 176.17 426.38 189.31
surfboard 7.97 343.6 22.1 354.43
person 14.4 335.17 26.91 351.84
person 213.5 189.86 215.99 193.21
boat 322.68 200.93 349.12 216.85
boat 0 144.45 73.57 214.9
boat 202.66 185.59 208.96 188.84
boat 375.53 198.27 387.77 203.69
surfboard 607.98 330.05 632.43 334.5
person 239 207 262 219
boat 139 178 592 198