umbrella 432.8 241.07 546.58 311.86
umbrella 393.53 167.65 483.44 220.07
umbrella 201.03 182.59 268.31 236.15
umbrella 107.82 210.2 177.03 256.81
umbrella 251.48 152.51 318.0 202.81
umbrella 256.9 66.37 326.51 115.21
umbrella 213.86 69.68 278.32 107.51
umbrella 211.18 133.4 250.61 195.2
umbrella 51.69 140.6 115.49 178.56
umbrella 167.23 44.47 218.91 79.1
handbag 522.54 310.9 574.14 350.84
handbag 80.77 232.58 103.34 265.26
handbag 135.48 262.03 165.49 292.86
handbag 436.05 217.51 466.85 254.58
handbag 575.11 99.02 606.44 134.66
handbag 10.03 158.27 27.92 191.17
person 223.09 224.71 283.12 318.82
person 142.59 112.6 203.54 211.95
person 176.04 74.84 240.94 142.98
person 283.08 100.54 348.9 194.17
person 257.61 0 301.05 57.57
person 157.77 21.89 195.93 58.76
person 493.51 11.65 553.54 123.17
person 110.62 103.74 149.1 171.81
handbag 24.38 13.99 35.98 28.84
handbag 128.05 105.89 151.38 124.8
handbag 111.61 82.08 141.51 107.79
handbag 497.14 52.91 513.01 74.34
suitcase 407.65 258.2 438.48 295.52
person 269.33 196.32 343.96 280.69
person 419.19 215.71 463.15 314.5
person 339.66 42.37 409.23 146.24
umbrella 86.24 15.8 129.48 52.68
person 134.09 245.67 208.16 336.62
person 214.75 154.57 277.73 237.95
umbrella 23.67 88.88 65.07 124.41
handbag 472.54 87.55 496.59 113.24
umbrella 46 1 639 221
person 0 0 639 360