car 11.92 241.44 127.39 321.15
car 102.4 242.3 149.43 308.05
car 153.23 235.91 180.42 291.29
car 186.89 234.59 225.5 263.21
car 222.23 233.13 235.09 254.71
car 103.97 233.98 174.65 297.09
car 228.94 231.49 245.74 244.48
car 398.46 239.34 436.63 261.79
car 379.86 237.93 392.52 252.76
car 352.36 230.65 367.15 240.2
traffic-light 332.57 175.93 340.43 187.35
traffic-light 474.66 182.36 483.47 204.92
traffic-light 207.6 200.15 216.43 208.98
car 202.71 232.35 228.04 257.68
car 385.42 237.72 406.11 254.96
traffic-light 270.65 168.84 279.07 185.36
car 362.75 234.85 376.7 251.07
traffic-light 216.28 158.32 226.73 170.86
car 239 212 408 254
