tie 202.54 159.98 239.16 259.52
person 92.56 24.88 390.67 472.59
person 241.62 45.3 464.9 468.13
cup 223.86 446.47 254.77 479.85
cake 384 247.01 532.85 309.57
cake 480.02 443.26 508.21 466.25
cake 423.91 442.07 450.88 470.11
vase 546.88 408.48 605.12 473.2
cake 503.64 438.13 525.7 464.6
cake 454.96 433.45 480.91 466.72
person 406.05 312.51 503.51 435.69
knife 373.4 221.83 424.25 257.81
cake 371.45 430.27 400.03 469.68
cake 472.49 354.37 498.94 386.74
cake 496.8 351.26 521.36 385.28
cake 445.82 355.6 473.59 386.42
cake 419.77 356.05 444.1 387.94
cake 393.02 355.13 422.39 390.1
cake 513.97 351.86 527.06 384.28