bottle 217.62 240.54 256.61 298.29
diningtable 1 240.24 347.63 427.0
person 388.66 69.92 498.07 347.54
knife 135.57 249.43 157.89 278.22
bowl 31.28 344 99.4 384.83
bowl 59.63 287.36 135.7 328.66
oven 1.36 164.33 193.92 262.7
person 0 262.81 62.16 299.58
cup 119.4 272.51 144.22 306.76
cup 141.47 267.91 173.66 303.77
bowl 155.97 168.95 182.0 186.08
bowl 157.2 114.15 175.06 129.97
broccoli 98.75 304.78 109.53 310.35
spoon 166.03 256.36 174.85 274.94
broccoli 86.41 293.97 110.37 305.15
broccoli 70.14 296.16 79.42 300.74
oven 0 210.9 191.36 309.88
carrot 96.69 297.09 104.53 301.95
sink 497.25 203.4 619.26 232.01