chair 469.68 329.13 640.0 405.33
person 333.57 295.67 365.47 327.69
person 359.61 292.5 377.42 322.58
person 339.95 261.07 357.16 313.44
person 282.18 306.31 340.61 326.92
person 45.85 333.48 120.36 365.96
person 172.63 307.93 196.11 336.57
person 441.83 304.23 541.24 333.43
person 418.73 253 429.64 282.09
person 256 302.09 274.73 332.45
person 119.13 335.32 146.31 353.77
backpack 542.86 310.89 574.83 334.04
umbrella 465.38 239.17 640.0 319.77
umbrella 0.96 288.82 117.07 422.2
umbrella 137.31 273.97 245.88 344.09
umbrella 78.55 282.78 141.41 309.03
umbrella 111.76 277.47 161.82 303.45
umbrella 200.48 274.2 267.77 301.5
umbrella 234.89 273.32 284.77 295.81
umbrella 384.96 231.27 403.46 238.82
umbrella 449.65 249.31 526.52 288.13
umbrella 593.78 230.45 640.0 256.21
umbrella 251.56 271.06 300.41 292.14
chair 462.42 312.6 612.74 389.28
person 72.43 339.73 97.0 351.84
person 369.7 273.2 380.16 286.37
umbrella 571.51 231.81 615.02 249.6
person 605.81 220.29 609.93 232.8
chair 544.51 382.87 551.31 393.86
chair 473.03 313.47 521.27 321.36
chair 453.76 307.75 473.02 317.19
umbrella 21 221 604 309
person 0 213 626 359