sheep 168.36 303.18 215.69 418.76
sheep 273.54 267.81 351.57 411.0
sheep 340 276.02 428.66 392.1
sheep 429.03 299.43 494.56 405.95
person 272.5 165.89 324.88 269.82
person 51.39 189.47 75.47 215.74
person 0 182.71 15.86 261.06
sheep 538.94 291.78 595.27 406.41
sheep 468.51 255.51 503.22 287.89
sheep 441.65 265.88 463.23 298.15
sheep 0 284.91 27.3 372.03
sheep 219.09 314.36 271.97 425.0
sheep 458.76 213.71 503.94 242.75
sheep 78.92 288.43 152.73 410.27
sheep 600.29 279.98 640.0 383.5
sheep 481.11 299.69 554.83 403.25