person 391.75 92.56 529.51 472.47
person 299.21 109.74 364.95 250.49
person 24.7 115 93.42 273.93
person 156.4 110.02 225.44 243.78
person 538.64 155.52 586.32 267.25
backpack 409.16 154.98 482.13 283.56
person 103.44 110.12 163.72 243.62
umbrella 139.15 80.72 278.29 161.62
umbrella 337.94 0 615.61 186.13
umbrella 0.38 99.58 41.88 123.44
umbrella 283.69 94.11 410.97 183.64
umbrella 606.25 108.1 640.0 155.5
umbrella 578.4 126.78 613.8 145.72
umbrella 519.35 121.11 600.52 159.03
umbrella 606.44 153.61 640.0 191.43
umbrella 0.69 104.97 101.5 164.73
handbag 97.23 169.19 120.34 204.25
person 586.38 151.1 622.52 255.85
person 250.48 126.22 305.47 240.58
person 357.75 181.37 393.57 251.32
umbrella 207.4 140.57 258.38 158.06
umbrella 301.21 67.17 350.56 104.39
handbag 235.76 192.29 244.89 213.15
handbag 102.25 141.46 147.72 229.06
umbrella 233.22 105.19 303.73 134.72
person 621.38 194.53 638.88 254.88
umbrella 83.25 94.65 167.91 150.0
handbag 410.11 199.31 473.99 285.67
umbrella 593 109 629 133