car 108.18 425.19 153.82 462.55
car 108.66 428.31 155.06 465.9
car 182.42 419.2 198.54 435.54
car 243.35 431.16 281.55 466.34
car 194.85 419.32 211.82 430.77
car 229.66 414.84 241.0 425.47
traffic-light 98.55 344.49 375.65 406.15
car 150.58 419.01 174.3 439.44
person 385.13 421.84 424.0 637.81
traffic-light 216.68 402.36 220.19 407.85
traffic-light 97.79 400.98 108.36 428.17
car 212.23 433.53 267.01 475.76
car 3.05 433.16 55.78 469.86
car 210.88 417.6 224.99 429.08
car 201.27 417.83 215.04 429.8
car 52.93 424.42 95.68 461.56
car 0 421 192 473
