sofa 0 249.31 209.18 472.65
sofa 455.73 235.51 638.54 479.67
chair 357.76 215.97 412.21 288.97
chair 302.97 220.08 355.05 293.62
chair 370.62 180.35 392.7 205.69
chair 397.23 177.89 419.54 206.7
chair 426.37 176.91 452.88 224.8
diningtable 283.49 203.11 439.96 290.71
bowl 288.15 363.38 313.5 379.36
microwave 342.64 152.27 370.4 168.26
book 358.01 327.77 400.31 351.47
handbag 463.53 189.65 505.43 223.78
cup 499.21 205.32 507.14 217.21
cup 508.32 203.69 516.52 215.14
sink 388.16 177.27 400.86 179.78
cup 329.52 337.66 345.96 363.52