aeroplane 154.05 296.52 215.09 312.87
person 2.88 397.93 68.18 503.97
person 346.97 473.9 393.13 517.96
bench 260.31 513.44 470.29 632.81
bench 120.66 494.85 215.18 638.96
bench 200.89 499.78 265.25 574.44
bench 59.32 525.53 112.83 578.69
backpack 3.08 447.71 27.75 501.58
chair 362.32 522.92 459.18 640.0
chair 253.39 519.46 356.9 577.87
chair 328.05 518.01 389.31 589.55
chair 31.6 557.35 169.95 632.09
chair 132.4 499.67 216.65 582.69
chair 53.45 566.04 133.16 587.11
chair 183.69 498.15 205.27 510.73
chair 330.79 520.81 426.84 615.98
chair 304.86 495.08 325.66 507.82
bench 266.32 497.95 341.96 538.27
aeroplane 208.52 409.26 255.78 475.13
suitcase 437.79 492.05 475.88 542.15
chair 165.5 495.43 182.04 510.74
chair 129.48 496.28 192.24 535.41
chair 65.4 587.35 153.46 612.97