horse 515.7 69.54 588.93 173.23
horse 60.59 65.68 114.56 165.98
horse 217.33 47.23 294.67 172.12
horse 115.69 51.42 188.08 169.13
horse 333.93 75.22 378.37 168.05
horse 272.68 56.42 341.8 168.74
person 473.03 65.61 494.79 92.17
person 505.22 65.51 523.74 99.3
person 552.5 63.21 568.58 78.75
person 537.63 64.04 554.3 82.7
person 397.91 31.54 442.87 73.23
horse 395.5 53 466.5 171
horse 488.05 91.09 531.05 163.46
horse 359.04 58.98 401.69 167.79
horse 187.66 57.5 228.19 168.66
horse 333.27 64.46 358.5 85.82