person 336.58 443.05 401.94 595.11
person 43.08 90 79.43 164.75
person 206.23 140.1 243.65 179.96
person 71.04 305.64 104.1 353.11
baseball-glove 181.8 443.17 191.18 456.33
person 193.06 312.41 233.61 353.55
person 172.95 290.45 187.55 313.77
person 158.14 309.86 188.56 355.67
person 270.75 143.17 293.91 170.31
person 103.2 418.11 185.52 542.61
person 123.57 312.76 150.16 354.5
person 223.36 286.69 249.98 329.88
person 268.58 280.24 297.52 306.26
bench 4.99 1.66 428.0 216.1
person 307.56 168.8 336.2 188.8
bench 34.22 424.43 312.75 447.98
bench 0 172.01 427.22 371.49
chair 184.57 79.14 199.02 92.1
chair 234.93 280.17 250.83 290.37
chair 174.69 107.45 193.6 115.14
chair 151.54 296.35 171.19 308.02
chair 251.19 281.16 266.98 291.21
chair 364.6 276.41 378.4 285.36
person 0 0 427 458
