bicycle 460.65 338.17 548.39 393.92
bicycle 455.17 303.56 533.18 358.9
car 276.71 237.19 344.87 270.38
car 243.62 234.27 271.26 250.42
bicycle 458.24 271.89 481.46 312.3
truck 118.42 206.27 157.81 258.34
handbag 104.83 261.95 120.73 301.7
handbag 414.88 264.05 430.44 285.1
handbag 546.44 347.78 591.81 410.27
person 438.54 248.88 455.78 305.52
person 413.24 251.54 440.42 311.2
person 364.02 242.8 390.94 303.67
person 351.28 233.29 369.2 287.8
person 336.24 232.48 349.92 257.05
person 326.77 232.71 338.56 251.48
bus 117.28 208.49 156.36 259.17
backpack 415.56 262.56 430.72 287.27
person 9.53 319.8 104.82 425.0
person 565.48 251.28 592.91 320.67
person 31.17 218.52 83.82 382.24
person 80.4 240.96 135.51 387.6
person 33.79 227.21 47.93 250.82
person 2.08 221.27 33.07 332.38
car 454.58 242.45 475.17 258.72
car 426.65 242.84 461.8 263.98
car 280.37 233.35 295.13 243.3
umbrella 583.98 290.99 591.52 309.84
person 235.02 225.67 247.24 258.61
car 104.68 224.18 120.73 239.12
handbag 69.59 306.27 80.02 330.74
stop-sign 307.09 218.22 317.5 229.32
person 3 199 597 424
