orange 533.58 352.84 597.01 417.87
orange 511.98 209.06 561.39 250.82
orange 469.54 252.42 512.87 284.92
orange 511.56 248.11 567.11 283.02
orange 496.94 167.02 551.15 224.62
apple 97.57 261.6 159.59 309.7
apple 0 258.54 140.95 440.72
apple 271.69 228.69 318.43 272.59
apple 115.54 149.42 182.82 228.31
apple 369.71 266.18 412.62 294.32
apple 0.52 182.34 47.53 222.4
apple 39.7 153.55 85.09 201.95
apple 352.58 222 402.18 272.11
orange 563.38 251.8 612.36 285.99
orange 590.08 168.38 633.96 215.33
orange 461.86 166.95 640.0 285.33
orange 478.73 302.76 640.0 461.74
apple 324.12 195.56 365.14 240.68