tvmonitor 1.73 0 70.18 90.89
chair 130.94 163.09 181.34 227.1
chair 172.01 147.51 229.55 194.32
chair 98.9 159.11 135.53 187.5
chair 222.2 160.33 240.5 168.71
diningtable 443 375 640 423
diningtable 181.19 162.76 250.24 253.52
diningtable 19.91 185.13 154.27 217.97
diningtable 190.92 177.42 272.53 262.32
person 245.42 48.23 350.47 300.33
person 315.62 76.62 432.56 320.0
person 402.09 29.78 498.32 329.91
person 470.54 61.2 585.47 397.84
pizza 129.11 342.45 268.83 413.67
pizza 166.37 385.02 210.1 415.44
pizza 0 262.61 171.89 367.66
book 150.65 37.2 161.86 57.31
book 186.91 59.26 190.25 77.24
book 201.5 56.79 216.96 77.02
book 173.7 59.67 178.26 77.93
book 190.51 58.91 195.02 76.94
pizza 262.02 388.38 357.49 424.0
pizza 2.62 202.63 23.77 214.24
knife 407.48 351.8 452.94 391.17
diningtable 2.2 154.18 174.01 197.13
diningtable 571.57 207.04 640.0 389.86
book 194.19 59.32 198.0 78.98
book 204.26 30.79 207.79 50.19
book 594.97 147.34 619.09 189.09
book 151.75 82.99 168.62 107.8
book 198.17 57.95 202.51 77.75
book 149.85 60.57 166.57 78.66
book 613.49 149.14 638.06 192.92
pizza 344.46 411.89 417.32 423.86
chair 187.07 168.16 208.22 211.35
book 581.62 147.43 600.84 189.32
book 140 26 629 307