car 235.35 376.77 433.55 480.0
train 96 252.4 638.56 363.51
boat 534.77 339.43 640.0 461.85
boat 459.37 358.1 535.38 436.29
boat 181.15 94.3 260.41 417.67
person 421.71 345.12 460.05 480.0
person 537.54 415.02 583.66 480.0
person 601.82 432.32 639.13 479.2
person 147.43 358.48 189.23 480.0
person 379.89 341.85 437.74 454.05
boat 250.15 344.09 300.85 385.87
person 506.64 392.99 538.48 480.0
person 115.53 377.69 124.47 390.81
person 220.04 338.77 236.71 358.7
boat 355.27 363 387.1 377.05
truck 0 344.1 139.64 471.27