bottle 240.6 57.91 255.7 92.54
bottle 232.87 116.4 244.97 142.89
wine-glass 577.81 106.53 600.28 143.46
cup 42.63 126.61 58.3 150.5
oven 158.95 250.32 261.73 428.52
oven 430.96 232.05 581.17 354.3
toaster 67.12 217.83 127.81 259.19
toaster 404.66 199.53 453.88 231.38
sink 259.58 227.52 338.14 245.62
bottle 230.19 52.33 242.93 94.38
cup 447.02 124.18 466.11 141.18
spoon 342.55 197.33 355.79 220.37
bowl 555.75 319.91 600.65 352.51
cup 424.74 80.75 432.97 93.62
cup 432.57 79.33 443.25 92.91
cup 446.91 79.88 458.66 92.03
cup 462.12 76.41 467.84 88.56
diningtable 234.69 305.34 613.07 455.01
