umbrella 81.79 53.96 301.35 220.41
person 348.42 127.28 421.0 507.28
person 305.17 155.1 375.92 477.44
person 275.32 163.26 332.73 462.54
person 158.59 109.51 276.63 604.58
person 0 145.01 69.9 504.37
person 44.9 145.66 104.75 415.85
person 41.32 53.59 76.08 113.12
person 245.28 135.17 307.87 493.01
handbag 89.59 265.17 150.95 357.78
handbag 56.02 263.09 75.02 339.5
handbag 18.28 314.87 54.95 346.3
handbag 295.74 281.99 318.87 341.18
person 136.73 357.41 156.34 463.42
backpack 140.68 214.88 168.78 307.26
person 237.26 154.53 256.33 192.82
person 336.52 58.63 368.19 111.41
person 292.72 118.13 322.51 162.17
person 61.79 202.06 170.65 506.64
person 1 0 405 499