chair 179.65 166.8 241.46 257.44
diningtable 100.32 119.81 206.46 146.35
handbag 183.85 300.98 220.99 376.61
handbag 422.36 176.82 446.82 244.87
person 118.92 83.89 190.42 333.33
person 127.74 257.92 211.48 426.17
person 399.17 143.93 489.37 399.17
person 477.46 89.95 518.2 254.52
person 523.82 77.69 612.8 183.78
person 545.66 38.59 608.32 112.44
backpack 423.43 177.98 445.98 245.61
backpack 586.3 106.28 595.93 129.23
person 19.1 294.67 105.42 426.37
person 544.03 117.03 617.83 245.66
person 618.95 116.73 640.0 220.68
backpack 625.53 153.84 636.0 187.33
handbag 75.42 337.16 119.78 427.0
chair 6.34 0 59.4 53.63
backpack 546.06 106.04 558.44 126.92