person 220.04 345.17 339.78 474.61
person 53.69 413.53 114.9 474.73
person 347.1 366.72 437.83 480.0
person 108.9 411.19 207.65 480.0
person 96.26 142.02 139.17 216.23
elephant 77.11 265.29 289.69 367.07
elephant 618.14 154.44 640.0 191.92
elephant 130.52 189.84 278.29 269.66
elephant 252.4 240.54 427.15 328.99
elephant 329.73 216.94 487.99 292.7
elephant 416.13 287.77 607.04 406.9
elephant 270.57 312.69 428.39 407.64
elephant 419.12 390.7 522.93 469.46
elephant 1.08 360.27 197.39 436.85
elephant 441.98 46.36 492.04 91.25
elephant 427.11 137.94 543.11 192.29
elephant 386.73 63.24 418.9 86.06
person 535.65 400.67 623.84 480.0
person 479.9 457.87 515.56 479.61
elephant 336.7 93.55 408.83 149.97
elephant 1 0 639 479