bottle 484.93 22.86 568.84 206.41
bottle 356.11 0 409.47 136.16
wine-glass 217.35 90.92 281.4 146.43
wine-glass 294.73 84.86 358.14 133.44
cup 451.33 77.42 510.78 151.28
cup 507.98 351.93 640.0 473.54
pizza 96 128.36 577.08 371.06
pizza 560.39 294.71 640.0 402.93
pizza 97.28 17.66 189.96 51.53
pizza 2.16 43.15 116.49 78.74
wine-glass 601.02 123.43 640.0 291.69
chair 210.1 0 293.8 92.88
chair 562.22 0.1 639.68 163.86
chair 248.62 33.89 453.85 127.95
chair 440.86 0.54 490.21 79.84
chair 479.15 25.61 492.27 74.83
person 0 0 221.46 272.11
bottle 388.39 1.32 461.11 151.64
bottle 301.3 0 364.47 99.3
diningtable 1.23 239.7 635.48 472.91
wine-glass 449.69 76.6 508.4 153.94
