bus 2.16 120.48 412.04 382.59
bus 546.56 218.77 640.0 253.15
person 397.62 248.31 423.89 325.34
person 413.82 244.63 438.91 318.66
person 367.36 250.04 399.37 330.23
bus 409.87 221.11 522.07 252.41
person 449.25 232.93 474.59 319.78
person 437.96 244.27 457.77 297.68
person 480.22 245.28 497.3 295.8
handbag 369.15 260.15 389.26 291.08
handbag 478.86 253.78 486.62 271.56
handbag 392.36 274.68 401.87 293.54
person 424.58 248.24 441.2 309.59
person 539.14 243.57 549.67 266.49
person 410.08 243.6 417.88 262.38
train 406.68 218.78 639.93 251.92
backpack 469.92 249.7 483.0 272.59
handbag 406.64 260.15 414.61 277.58