backpack 109.07 244.8 123.46 262.96
handbag 417.25 263.88 432.15 282.66
suitcase 135.9 258.1 154.77 278.24
person 98.94 238.39 121.88 289.94
handbag 432.05 254.27 441.78 268.01
handbag 178.55 244.6 189.67 258.55
person 322.87 219.36 332.31 245.59
person 138.68 230.39 154.4 283.66
person 409.49 235.92 434.02 293.71
person 60.9 233.56 85.64 296.96
person 298.15 232.02 326.29 293.04
person 44.35 234.28 65.37 287.84
person 179.02 229.73 197.02 278.5
person 363.37 231.92 379.66 287.33
person 291.29 225.38 307.17 254.9
person 297.7 231.06 307.8 286.1
backpack 317.29 251.05 324.55 261.94
backpack 476.19 252.75 486.66 269.91
backpack 342.76 254.4 353.74 277.76
person 426.6 237.4 453.01 290.5
person 349.27 229.53 367.98 289.6
person 163 225 473 299