chair 510 48.4 558.32 88.37
person 243.13 175.03 445.73 381.16
person 409.94 160.14 598.13 384.37
person 396.36 0 456.22 79.61
person 200.36 0 268.81 61.98
person 78.12 2.08 190.64 53.94
baseball-bat 222.16 55.69 282.75 190.64
baseball-glove 243.08 223.32 273.05 280.05
chair 556.09 52.85 608.84 91.77
person 175.81 0.86 241.01 47.67
person 0 0.43 63.4 49.09
person 170.04 2.33 180.12 19.06
person 256.67 0 306.18 67.19
bench 444.05 38.56 493.2 82.32
person 123.61 0 177.57 34.23
person 91.64 84.2 329.89 349.94
