bottle 548.38 106.13 596.54 226.85
bottle 382.4 111.88 437.3 243.38
bottle 437.68 100.21 468.53 154.11
bottle 467.35 99.72 500.07 153.62
bottle 302.41 147.92 354.28 311.38
bottle 149.16 172.81 179.15 285.44
diningtable 0 66.4 607.07 462.68
person 182.97 0 330.19 88.96
person 169.92 6.46 198.59 61.44
cup 358.87 247.38 409.9 318.42
cup 513.3 196.6 555.97 253.5
cup 365.95 140.05 392.96 182.5
cup 510.97 170.32 549.85 196.24
cup 313.3 38.52 337.86 74.06
cup 591.45 68.95 602.39 82.84
cup 613.25 66.06 640.0 91.28
person 499.35 0.42 579.11 79.83
person 145.56 13.59 199.93 87.95