bicycle 326.67 275.76 344.08 322.72
bicycle 535.79 268.86 561.63 331.89
traffic-light 491.92 123.87 527.03 227.37
traffic-light 0 65.25 165.04 404.93
traffic-light 609.39 151.16 620.94 181.95
backpack 519.19 356.67 545.07 414.17
person 273.05 297.91 330.93 419.77
person 496.09 306.1 536.39 421.24
person 545.41 223.77 563.72 273.62
person 597.91 204.39 613.46 245.8
person 497.34 237.81 519.33 315.62
person 527.3 219.08 545.19 289.95
person 314.41 241.97 348.81 326.71
person 579.97 198.46 598.86 245.48
person 364.55 212.59 380.84 258.71
person 615.66 198.18 629.3 232.18
traffic-light 174.46 219.52 264.1 413.26
handbag 519.59 338.19 544.35 414.48
pottedplant 450.47 172.71 480.79 265.3
cell-phone 308.08 316.11 310.0 322.72
person 472.99 386.91 506.77 427.0
handbag 570.39 213.93 577.55 224.62
handbag 555.59 234.02 566.19 256.97
pottedplant 472.73 168.82 496.05 267.09
person 496.09 289.47 536.86 351.58
person 561.72 220.9 570.04 252.09
person 564 179 639 251
