umbrella 233.75 96.09 279.86 139.9
umbrella 206.59 98.24 241.0 110.53
diningtable 468.98 148.87 521.72 156.76
diningtable 399.05 145.58 453.46 151.35
diningtable 300.83 141.03 319.73 145.06
diningtable 243.3 138.04 277.52 141.78
diningtable 556.65 152.32 620.07 188.67
diningtable 160.13 134.67 178.27 137.97
diningtable 271.26 140.27 301.05 143.76
diningtable 214.53 135.88 243.1 140.36
umbrella 171.01 99.63 215.71 135.88
umbrella 152.86 101.08 181.41 135.57
umbrella 261.17 93.59 300.44 141.8
umbrella 295.88 88.21 340.63 141.94
umbrella 336.64 86.49 404.1 104.24
umbrella 452.98 78.47 535.41 100.45
umbrella 533.39 72.82 631.61 152.54
umbrella 391.03 77.04 470.96 104.42
umbrella 402.63 100.2 456.03 105.89
umbrella 118.96 104.33 140.3 135.33
chair 543.07 158.5 581.75 187.63
chair 462.99 145.38 481.57 156.72
chair 419.64 149.97 431.07 168.24
chair 593.48 154.83 607.36 178.86
chair 352.43 148.2 368.68 171.15
chair 430.7 141.29 446.7 177.71
chair 614.95 148.11 628.42 190.48
chair 500.98 147.03 518.57 182.6
chair 390.02 142.14 407.97 175.39
chair 372.96 147.46 391.77 173.09
chair 334.4 137.07 351.77 169.7
chair 542.81 147.41 556.62 161.98
diningtable 350.71 143.73 395.87 145.89
bench 317.64 147.43 346.78 151.48
bench 500.73 164.52 523.96 173.44
bench 496.44 152.92 549.34 159.32
umbrella 341.4 100.89 391.16 109.39
chair 442.5 141.91 452.01 168.09
umbrella 134 100 161 114
diningtable 126 120 553 162
chair 184 133 339 166