teddy-bear 212 232.63 232.72 252.04
handbag 555.94 288.26 623.66 371.78
teddy-bear 199.03 292.04 220.28 316.5
teddy-bear 225.68 291.43 245.0 316.43
teddy-bear 212.06 290.38 231.2 316.94
teddy-bear 183.22 287.33 206.55 318.88
teddy-bear 183.41 261.52 195.18 290.36
teddy-bear 153.68 248.87 166.49 261.59
teddy-bear 156.36 216.66 169.66 235.52
teddy-bear 263.15 296.93 291.15 313.39
teddy-bear 201.65 218.7 217.28 243.94
teddy-bear 142.41 247.98 157.42 270.91
teddy-bear 156.27 260.31 171.18 275.95
teddy-bear 153.79 293.71 166.99 320.31
person 526.62 249.01 637.46 479.64
teddy-bear 136 73 481 319
