tie 301.57 217.38 317.39 260.49
laptop 219.04 256.17 240.96 268.45
person 261.03 174.74 398.02 468.13
person 0.57 169.12 69.15 480.0
person 321.58 179.96 487.39 480.0
person 440.31 156.82 558.19 467.22
person 196.26 239.21 229.4 280.75
person 554.92 161.59 583.08 202.01
person 593.12 144.36 608.47 172.51
person 273.22 215.89 298.49 255.72
person 545.8 151.01 639.64 471.37
person 353.65 126.63 381.63 156.77
person 266.53 197.12 295.6 228.48
chair 551.73 234.82 589.04 288.17
person 578.41 161.69 601.59 202.85
cup 155.57 261.1 166.65 270.47
person 221.68 193.12 242.25 239.41
person 1 6 639 278