tvmonitor 436.09 0.8 537.52 88.42
laptop 0 133.31 226.91 354.75
mouse 562.81 109.6 584.66 126.61
keyboard 418.39 91.47 555.22 128.12
book 175.08 111.97 301.57 151.82
book 163.19 12.81 178.29 69.0
book 139.07 18.35 148.64 66.0
book 0.8 1.61 103.03 41.86
book 15.18 43.75 113.14 110.85
book 187.9 106.89 298.39 124.66
book 108.8 21.68 125.74 66.28
chair 0 86.72 156.65 245.24
chair 389.77 175.3 640.0 354.34
book 194.02 92.01 302.27 112.74
book 196.22 265.21 403.54 357.49
book 186.94 16.87 208.37 69.7
book 157.3 97.12 173.97 143.21
book 135.5 18.69 144.63 66.43
book 177.38 16.55 191.18 67.69
book 105 1 217 159