sports-ball 329.1 20.19 340.07 30.67
person 142.26 127.89 303.46 427.9
tennis-racket 146.5 107.33 201.07 191.59
sports-ball 279.96 311.7 286.88 317.24
sports-ball 282.87 307.98 288.04 313.25
sports-ball 188.19 311.1 195.01 318.24
sports-ball 319.32 307.87 325.49 314.23
sports-ball 173.76 308.7 180.17 314.57
sports-ball 626.98 307.73 636.04 315.12
sports-ball 607.65 259.05 612.56 264.47
sports-ball 337 272.41 341.07 276.84
sports-ball 615.81 264.2 619.15 270.18
sports-ball 442.61 306.97 448.05 312.1
sports-ball 325.45 273.24 329.46 277.88
sports-ball 169 20 637 322
