baseball-bat 323.55 130.02 355.77 238.41
baseball-glove 409.24 322.53 445.75 358.01
person 261.96 162.16 369.43 414.53
person 510.82 168.47 583.89 427.0
person 376.37 210.25 474.76 422.32
person 422.92 56.99 464.53 117.06
person 308.02 72.93 348.32 120.9
person 238.75 48.16 313.15 114.57
person 173.1 46.18 221.48 112.99
person 131.5 70.29 174.29 113.79
person 335.79 75.99 380.48 120.68
person 598.84 39.96 640.0 91.27
person 577.29 183.44 629.37 268.56
chair 595.16 107.73 629.05 128.12
chair 594.03 89.49 630.56 107.16
chair 560.02 86.96 596.28 104.71
chair 504.95 102.52 561.16 126.5
chair 528.21 86.5 561.55 105.51
chair 444.5 101.12 493.78 124.09
person 58.81 73.27 105.64 111.33
chair 483.71 102.86 520.41 125.1
chair 612.16 108.08 640.0 129.95
chair 626.03 90.42 640.0 109.21
person 530.96 26.56 593.94 87.64
person 1 1 639 268
