dog 66.67 224.08 263.31 328.46
person 330.5 1.12 451.64 255.36
person 484.95 42.98 499.81 166.93
person 255.33 129.9 317.93 330.53
person 186.24 88.41 233.18 156.52
person 0.39 0 85.23 332
person 139.46 0.17 185.23 55.2
person 62.83 1.01 153.66 233.91
apple 159.94 133.18 173.97 146.8
apple 151.53 130.98 161.8 143.21
apple 151.31 96.19 195.59 142.82
apple 224.57 89.34 303.19 140.16
orange 311.42 78.17 344.24 108.11
handbag 0 123.09 62.41 246.17
handbag 170.65 164.57 241.3 234.81
apple 263.87 87.9 342.33 133.54
person 417.4 0.34 436.8 20.29
person 438.56 0 469.78 11.97
apple 172.13 132.91 185.33 145.8