car 133.21 260.44 173.95 274.87
car 94.74 256.99 122.62 279.4
bus 458.6 289.91 575.66 370.06
bus 405.88 256.64 478.98 280.68
person 73.2 302.97 79.46 325.34
person 52.42 294.63 59.06 316.78
person 63.42 294.32 69.88 318.02
person 42.69 287.27 50.98 308.97
person 17.31 285.88 24.72 309.82
person 170.14 249.75 174.48 262.01
person 6.23 283.94 13.01 307.53
car 72.06 257.31 97.56 269.67
car 387.59 254.54 408.36 269.07
car 283.47 261.85 311.72 271.69
car 231.2 265.92 247.29 273.96
bus 563.97 272.56 631.96 327.61
person 69.81 297.49 78.43 307.16
person 271.91 264.44 275.72 275.54
person 266.73 262.13 270.5 268.71
person 292.8 267.42 296.13 276.61
person 301.54 266.75 306.46 276.61
person 54.39 288.59 61.37 294.68
person 114 248 566 278