dog 258.79 134.57 352.81 224.28
tvmonitor 0 104.62 103.01 198.83
tvmonitor 181.36 182.86 262.36 247.13
cat 485.9 318.41 629.46 403.07
sofa 251.98 123.7 557.12 346.36
bottle 532.61 208.26 546.14 239.19
bottle 384.02 342.84 414.6 401.53
book 262.53 92.9 267.74 108.15
book 262.26 112.72 265.82 126.67
book 264.13 131.48 267.27 145.08
book 264.29 148.48 270.52 163.18
book 269.67 131.12 272.66 143.51
book 234.55 128.12 255.09 138.49
book 265.77 111.95 271.0 127.1
book 259.36 113.22 262.61 127.44
book 275.27 92.32 279.93 106.93
book 262 131.69 264.84 145.7
book 88.22 228.73 115.76 240.75
remote 571.93 247.96 592.92 254.77