pottedplant 157.79 184.66 291.3 350.25
tvmonitor 70.66 86.95 187.87 179.22
person 331.41 89.36 481.75 255.28
person 342.9 39.9 582.74 337.2
sofa 236.95 124.38 640.0 399.46
cup 324.43 297.08 356.59 332.65
cup 298.96 277.61 325.44 323.03
cup 152.16 290.56 178.33 333.36
cup 86.29 308.65 103.25 330.46
cup 100.81 303.82 115.12 323.43
cup 128.81 309.11 145.64 329.49
cell-phone 251.32 375.31 287.04 404.0
book 27.73 12.95 67.46 18.97
cup 114.7 305.32 129.77 326.8
cup 139.2 302.46 154.36 321.8
cup 56.03 306.34 72.0 325.36
cup 70.13 299.98 86.09 319.37
bowl 277.43 320.96 320.41 355.07
remote 362.92 193.31 403.78 220.98
remote 593.08 262.47 612.31 279.63
book 286.78 182.43 331.39 200.04
book 35.88 11.85 72.34 16.83
