car 517.8 253.2 618.27 298.59
car 179.63 250.47 212.47 279.39
car 299.37 253.21 345.68 279.05
car 371.96 250.67 408.87 277.0
car 232.04 254.44 272.65 277.59
car 218.41 259.8 230.2 266.78
car 282.88 251.68 307.22 273.43
person 102.88 235.9 136.18 320.63
person 65.88 236.6 106.82 320.26
handbag 70.28 247.02 82.19 284.59
car 156.82 249.18 170.86 266.71
car 170.93 255.19 174.65 266.44
truck 339.73 240.16 380.61 276.24
traffic-light 198.09 215.47 205.03 227.17
traffic-light 257.15 218.08 262.92 228.6
