train 272.68 82.58 494.45 302.62
person 115.93 192.66 200.11 311.12
person 61.27 170.59 113.91 359.57
person 142.09 133.33 167.81 245.11
person 210.04 174.15 243.56 213.83
person 175.98 175.4 224.0 249.51
person 249.52 151.87 266.33 206.76
bench 104.33 236.22 173.36 323.34
handbag 70.76 295.12 133.75 368.47
handbag 179.16 214.02 196.28 225.74
person 193.23 178.61 228.25 221.44
bench 168.27 203 209.69 247.01
handbag 43.42 236.27 64.48 281.81
bench 210.05 199.91 225.13 209.51
backpack 217 220.72 230.97 243.44
backpack 241.17 163.21 255.9 187.03