person 270.88 64.47 432.33 248.67
person 205.1 49.5 318.93 175.14
person 372.66 61.57 445.02 214.86
person 532.53 73.73 569.26 131.43
person 53.93 1.08 266.43 300.94
person 590.94 65.3 631.38 116.02
donut 294.3 430.11 339.59 473.66
donut 189.26 443.5 235.38 476.15
donut 268.39 307.24 295.26 321.9
donut 308.11 256.96 345.96 272.65
donut 356.32 217.03 384.89 236.27
donut 355.13 426.24 400.21 466.62
donut 247.17 423.4 299.53 470.05
donut 283.84 413.06 338.73 444.67
donut 298.83 399.61 343.56 419.2
donut 210.62 452.4 266.59 480.0
donut 158.15 417.32 215.61 447.13
donut 149.01 444.39 201.05 473.47
person 612.93 39.92 640.0 112.72
person 487.62 168.71 640.0 322.18
person 486.47 62.06 544.1 114.45
person 179.06 74.43 256.72 143.46
bowl 188.87 187.65 251.9 220.26
bowl 203.09 296.36 340.22 384.49
donut 331.15 426.01 358.63 451.79
person 578.86 80.76 635.34 138.2
person 553.04 61.96 570.78 78.13
cell-phone 493.03 177.12 545.18 212.52
person 473.91 49.42 515.14 107.06
spoon 202.96 119.45 226.47 144.72
donut 159 180 561 479
person 227 62 256 114
