sofa 145.35 192.87 322.96 292.86
chair 522.8 274.19 609.62 417.69
chair 265.97 222.1 327.2 308.01
chair 340.36 196.13 422.5 244.53
sofa 338.23 193.54 429.51 242.8
diningtable 202.05 244.94 560.36 420.12
spoon 246.98 340.35 292.82 373.78
cup 305.66 295.29 326.57 348.77
fork 373.5 381.92 411.55 423.96
knife 395.1 393.67 429.8 425.0
knife 326.58 299.2 362.72 308.7
spoon 239.62 342.61 276.6 371.08
spoon 469.62 335.34 518.84 351.81
spoon 494.07 264.51 501.26 271.71
spoon 434.75 418.55 449.02 425.0
spoon 322.12 294.85 362.19 303.88
bowl 329.88 234.89 363.95 248.24
chair 182.42 344.78 327.58 420.22
vase 410.31 203.24 453.55 289.37
wine-glass 394.58 279.66 435.48 365.96
wine-glass 445.78 239.93 476.86 286.35
wine-glass 367.18 252.34 393.18 287.24
wine-glass 414.76 225.55 425.76 245.09
cup 473.9 241.48 488.45 273.3
cup 445.35 278.14 465.75 326.94
cup 20.64 191.63 40.89 213.62
cup 49.77 203.58 56.88 212.34
knife 486.79 291.25 538.82 308.56
spoon 498.12 263.23 512.38 275.25
chair 455.72 217.65 512.47 265.4
chair 162.06 229.58 284.51 327.89
pottedplant 395.18 158.26 476.5 306.88
pottedplant 414.59 138.94 426.02 173.68
fork 469.01 331.59 518.79 346.28
