train 0.81 91.72 574.4 264.36
person 230.88 156.51 250.47 195.67
person 240.76 185.25 284.48 238.68
suitcase 332.89 230.56 353.15 259.78
suitcase 299.16 198.77 317.04 222.22
suitcase 222.21 231.16 248.71 273.17
person 559.39 187.65 578.8 211.0
suitcase 254.26 232.41 276.33 268.59
suitcase 206.76 236.77 232.25 275.33
suitcase 286.74 231.49 308.2 263.35
suitcase 246.83 239.81 254.57 269.49
suitcase 275.52 239.08 287.44 255.74
car 611.25 205.03 624.93 220.89
backpack 431.9 263.25 460.97 295.28
backpack 458.42 262.29 479.15 293.26
suitcase 305.86 246.88 319.09 263.95
suitcase 389.07 206.51 402.37 222.22
suitcase 378.69 204.77 389.76 221.67
suitcase 355.39 210.3 367.42 221.7
car 582.84 194.84 615.34 223.83
backpack 276.9 253.16 302.08 266.68
suitcase 287.91 211.02 298.79 222.44
handbag 459.55 261.16 478.51 292.94
handbag 317.99 248.89 331.19 263.32
backpack 319.3 250.01 330.25 261.39
backpack 330.98 210.16 346.13 222.28