person 58.97 137.83 368.18 434.1
person 264.08 100.4 425.0 325.8
cup 387.65 335.15 425.0 473.29
cup 283.66 466.99 424.7 640.0
pizza 104.99 412.32 294.83 521.63
cup 17.85 219.95 48.44 258.81
cup 281.84 194.81 314.32 232.91
chair 297.28 330.21 360.55 409.13
chair 322.15 260.65 425.0 420.52
chair 78 301.79 97.87 341.53
person 15.82 118.58 154.87 435.34
person 138.85 100.95 204.1 143.91
person 1.5 66 68.5 222
person 272.48 131.95 335.56 223.61
pottedplant 351.97 37.53 424.98 140.28
pottedplant 217.68 56.3 334.03 155.08
diningtable 8.66 248.51 71.68 296.25
diningtable 3.16 417.58 407.7 640.0