sports-ball 158.8 229.12 169.18 239.75
sports-ball 171.38 165.21 189.03 183.75
tennis-racket 363.14 87.63 382.29 109.64
person 260.69 64.2 405.57 281.24
person 21.35 95.6 122.43 228.6
person 102.58 37.95 144.37 64.58
person 156.94 31.49 194.57 63.77
person 202.93 28.65 243.07 64.09
person 253.73 22.43 292.75 63.14
person 295.54 0.18 353.06 62.73
person 152.54 2.71 200.36 59.35
person 102.4 3.48 150.22 63.03
person 51.18 30.12 95.98 65.71
person 298.08 29.18 344.72 64.08
chair 11.87 51.65 52.99 63.4
chair 131.66 13.8 153.1 50.12
chair 11.1 39.33 51.65 60.07
person 50.05 0.25 104.53 61.2
person 271.74 12.58 297.45 62.5
person 1 0 639 247
