person 163.59 254.47 215.25 370.7
person 218.51 252.45 235.87 279.14
person 236.23 251.8 258.84 288.86
person 379.77 253.84 397.19 300.92
person 114.5 236.67 134.88 314.8
person 269.1 253.18 285.17 279.06
person 390.88 253 399.4 276.57
person 204.78 254.74 226.89 280.99
person 283.33 247.72 290.15 278.32
baseball-glove 81.4 300.21 97.62 315.72
person 23.81 279.47 83.0 378.27
person 79.13 251.91 97.04 317.48
baseball-bat 163.26 234.7 177.89 282.96
person 0 235.97 25.1 366.64
person 361.13 261.56 366.03 282.14
bench 249.88 284.98 289.35 289.2
person 174 249 189 268
