kite 176.43 0.51 216.82 26.54
kite 148.58 55.98 179.16 75.7
kite 213.58 22.73 243.62 60.4
kite 272.71 0.48 312.69 16.25
kite 361.4 0 386.83 10.96
kite 470.55 48 497.58 64.76
kite 125.08 5.74 142.7 18.89
person 78.51 176.81 146.93 372.71
person 294.52 200.59 304.24 235.89
person 239.92 190.84 267.02 275.85
person 251.96 178.89 294.55 287.97
person 398.63 192.35 417.02 231.32
person 416.88 183.12 443.46 252.0
person 462.61 165.51 497.88 290.31
person 151.73 202.05 182.24 269.29
person 413.67 195.98 420.27 221.21
person 373.74 191.35 378.87 205.29
person 333.95 200.01 342.44 227.54
kite 234.98 76.93 249.18 86.64
kite 74.41 117.89 86.91 125.51
person 322.7 192.82 324.93 202.75
kite 73.25 135.9 84.06 142.85
kite 399.89 94.52 406.34 99.53
kite 228.9 0 251.3 8.77
person 328.25 194.05 332.9 206.8
person 358 187 413 214