person 360.44 114.16 378.5 176.41
person 308.89 31.63 335.1 97.5
person 334.37 116.39 351.46 167.03
suitcase 197.03 266.07 302.02 326.47
suitcase 232.86 158.73 297.31 183.04
suitcase 133.27 135.19 195.4 163.25
suitcase 138.13 153.76 200.85 183.41
suitcase 135.74 178.1 205.43 205.51
suitcase 121.54 255.81 181.76 272.43
suitcase 101.43 269.68 205.35 322.89
suitcase 66.26 254.63 125.96 325.55
suitcase 46.58 223.35 135.84 253.6
suitcase 188.28 221.41 242.47 260.43
suitcase 2.88 460.22 138.07 634.25
suitcase 0.68 416.06 132.09 520.51
person 344.34 115.28 356.41 144.64
person 413.98 115.15 428.0 170.83
person 390.68 111.69 416.02 182.22
umbrella 80.61 68.7 194.87 108.01
person 133.86 113.85 149.56 140.77
suitcase 1.15 318.85 97.89 386.99
person 310.93 96.27 338.14 153.56
suitcase 0 56 427 535