person 8.98 101.54 143.68 333.0
person 182.5 158.61 223.59 253.21
person 263.55 155.58 303.42 265.39
person 350.25 88.88 446.25 329.63
person 320.42 156.05 333.51 183.79
tennis-racket 368.43 42.6 493.51 105.46
handbag 349.39 188.01 439.53 333.0
car 19.47 158.82 42.03 169.78
car 0.01 162.03 18.4 171.56
person 348.79 158.46 366.39 192.47
person 304.36 151.67 310.39 171.04
handbag 324.69 170.9 341.96 200.68
handbag 193.65 171.22 212.74 208.89
person 295.38 153.88 303.56 172.3
person 322.54 156.17 350.41 255.08
truck 127.21 146.38 190.2 187.9
person 216.28 157.36 255.67 258.44
handbag 250.28 212.35 259.27 229.45
