baseball-bat 309.72 206.31 325.07 225.02
person 364.07 223.72 403.62 276.79
person 298.5 174.78 313.87 199.58
person 470.32 177.85 481.26 206.51
person 88.89 173.74 101.9 189.77
person 445.96 162.76 450.3 169.0
person 355.27 231.43 390.77 274.56
person 288.94 205.41 330.87 271.88
person 206.92 164.23 215.25 178.13
person 381.22 169.09 390.62 196.37
person 80 190.74 119.12 217.23
baseball-glove 299.22 187.54 303.31 191.89
person 443.63 164.08 446.49 167.9
person 462.08 163.85 467.35 171.69
person 473.25 166.58 478.44 173.62
baseball-glove 95.27 181.02 98.16 183.52
baseball-glove 111.88 198.07 116.47 202.14
person 448 151 499 173
