chair 65.22 333.48 153.9 363.04
chair 537.39 339.05 640.0 427.0
chair 456.58 336.15 549.09 422.8
diningtable 2.89 352.47 217.35 422.67
diningtable 446.19 301.3 622.75 366.55
person 215.9 173.68 341.6 425.08
person 353.11 147.05 474.98 427.0
pizza 289.78 288.82 394.38 340.64
diningtable 0 308.53 133.11 330.8
boat 439.55 146.79 540.21 258.21
tie 252.85 237.38 289.18 257.85
knife 106.27 357.54 122.59 371.54
knife 119.96 376.47 132.91 397.96
chair 80.65 310.33 147.49 342.87
chair 0 319.2 32.22 367.32
chair 0.19 299.69 42.11 315.26
chair 91.35 384.05 218.91 427.0
chair 160.86 263.95 174.94 324.26
chair 460.02 306.12 484.49 324.26
chair 194.97 271.51 212.17 332.66
chair 170.06 264.47 198.06 328.67
pottedplant 34.86 188.46 83.26 246.78
diningtable 168.75 268.42 210.9 285.06
chair 303.89 347.15 353.8 394.84
chair 59.61 298.91 115.96 313.35
chair 0 257 202 426