person 304.43 267.44 364.53 355.1
person 351.59 135.05 370.72 188.48
person 529.94 178.96 571.99 241.57
person 459.74 103.02 482.37 134.15
person 381.29 146.01 398.52 189.55
person 111.31 256.87 166.96 339.39
person 447.19 78.37 460.64 92.2
person 19.13 150.29 37.12 189.18
person 383.33 161.71 411.77 228.79
sports-ball 292.14 225.99 296.92 230.52
chair 324.74 164.35 341.43 187.16
chair 33.14 226.48 61.1 259.17
chair 52.22 221.18 65.79 234.22
chair 73.23 178.96 85.54 204.05
person 422.73 73.45 436.47 92.35
person 77.31 164.69 101.11 203.95
person 311.53 69.34 331.15 91.49
person 494.97 59.31 507.72 73.31
chair 67.68 179.13 75.2 183.37
chair 129.57 74.75 141.56 81.13
tennis-racket 303.81 289.97 320.17 305.78
tennis-racket 563.62 189.85 570.2 195.82
tennis-racket 394.73 182.54 405.86 191.49
person 1 0 639 261
