car 507.72 45.77 639.88 314.84
motorbike 71.47 103.98 432.62 421.3
motorbike 360.06 137.53 456.52 281.74
motorbike 67.79 175.46 127.94 275.71
truck 508.76 46.38 638.37 324.13
person 135.62 48.71 386.8 400.17
person 0.96 70.67 85.96 420.22
person 157.58 108.64 183.9 140.54
person 382.67 73.54 411.29 94.4
person 404.11 75.27 442.21 132.07
person 445.06 80.46 501.4 233.27
person 472.46 63.95 492.48 87.54
person 108.73 106.25 162.68 274.71
person 333.28 88.63 378.36 132.62
person 453.17 60.94 476.69 112.51
person 376.31 92.66 425.76 131.74
motorbike 25.43 225.19 79.2 309.17
motorbike 454.31 212.6 518.17 278.55
person 485.8 89.05 509.49 118.44
person 28.35 51.55 55.02 100.45
person 27 18 595 160