chair 11.57 76.21 81.15 215.99
chair 189.19 96.76 219.46 123.78
chair 165.17 97.17 191.36 120.91
chair 231.52 98.66 271.79 129.01
wine-glass 396.6 32.59 484.77 206.15
wine-glass 294.97 12.06 386.97 207.6
pizza 114.34 199.55 640.0 480.0
diningtable 0 189.42 640 473.54
person 503.03 120.48 640.0 167.76
bottle 551.63 0 568.03 40.69
bottle 534.91 4.54 550.77 41.79
bottle 73.57 69.91 90.53 78.53
bottle 63.74 29.56 88.94 41.58
bottle 61.54 9.4 85.97 21.21
bottle 36.29 62.05 57.29 70.72
bottle 386.92 15.27 420.41 34.77
bottle 585.63 6.8 595.89 37.36
knife 96.84 228.92 152.57 238.0
chair 605.12 108.94 639.64 152.09
chair 273.63 98.13 302.89 138.38
diningtable 49.91 103.23 325.6 211.28
bottle 384.48 0 416.01 17.45
chair 1.22 103.35 25.89 142.01
bowl 500.26 161.26 640.0 240.03
chair 87.68 94.36 118.47 114.8
