dog 297.98 537.6 400.33 639.96
diningtable 276.76 275.32 480.0 530.45
person 1.44 247.47 66.16 392.73
laptop 341.19 282.04 406.44 330.53
book 69.04 435.35 90.47 486.34
chair 136.57 295.77 177.89 339.61
book 71.52 435.42 96.64 485.35
book 51.9 507.37 63.1 558.31
book 57.1 438.15 69.75 492.08
book 115.75 420.12 167.65 467.22
book 368.35 257.68 393.03 275.92
book 398.7 269.58 419.42 281.79
book 43.6 442.71 56.93 500.09
book 62.12 438.1 77.43 489.99
book 74.11 434.95 99.37 480.63
book 78.15 431.38 111.04 478.91
book 57.29 504.28 70.96 557.69
book 53.34 503.83 66.96 558.65
book 46 424 125 495