chair 450.5 59.07 548.95 147.01
chair 1.08 214.32 78.74 392.3
chair 539.42 236.48 622.99 445.41
spoon 374.27 281.24 444.81 338.45
bowl 345.21 298.91 410.32 368.78
bowl 220.97 297.53 344.96 386.1
bowl 161.43 362.8 333.63 473.65
apple 212.08 232.73 247.62 274.37
orange 213.52 217.27 251.42 237.26
orange 237.35 253.21 270.48 287.23
orange 250.11 218.6 292.27 238.06
carrot 200.53 308.34 216.1 320.34
carrot 175.71 304.78 235.9 331.96
person 549.22 0 640.0 70.24
bowl 450.02 202.16 563.88 273.07
bowl 153.22 279.65 248.16 361.75
bowl 257.06 235.45 360.13 320.64
bowl 355.44 254.45 435.34 331.85
bowl 447.89 182.92 535.6 202.5
apple 77.59 256.88 167.31 295.98
sandwich 341.15 368.75 404.36 403.52
sandwich 382.67 394.91 438.18 454.63
sandwich 431.64 382.59 501.41 460.05
sandwich 389.42 373.44 434.25 397.1
diningtable 56.1 76.05 566.03 480.0
chair 22.88 286.49 64.23 365.07
person 527.38 43.64 638.34 473.77
chair 217.14 16.32 323.04 69.46
chair 53.98 0.49 122.31 113.7
chair 1.99 97.13 51.62 172.0
cup 342.2 299.63 411.76 371.54
sandwich 327.51 391.18 353.68 442.44
sandwich 389.47 218.73 435.6 259.24
sandwich 433.66 373.35 478.93 397.18
sandwich 343.06 394.39 362.65 449.6
sandwich 354.48 400.32 434.44 460.16
orange 214.78 233 247.02 266.82