motorbike 43.99 432.94 107.37 478.96
motorbike 113.13 348.05 141.7 387.4
motorbike 228.13 340.24 251.4 376.13
motorbike 218.44 320.18 228.99 337.06
motorbike 196.16 335.26 212.92 363.82
motorbike 288.28 316.17 297.4 332.37
person 226.41 306.9 253.65 366.52
person 72.6 338.45 129.93 468.73
person 116.66 313.28 144.88 373.71
person 144.28 306.99 161.2 335.39
person 196.25 307.44 218.72 351.84
person 186.04 306.06 199.46 331.56
person 259.26 303.78 271.8 322.14
person 217.1 303.31 232.39 324.17
person 40.99 341.93 124.04 472.45
person 286.44 304.12 304.61 327.66
person 313.97 297.12 328.95 329.57
person 152.28 312.99 189.45 381.21
motorbike 152.16 355.08 181.44 397.22
motorbike 187.32 331.32 197.7 356.24
car 243.78 300.44 260.51 312.87