bird 208.61 213.31 297.67 315.09
car 375.37 147.6 491.87 210.16
car 83.59 182.17 133.07 220.77
truck 2.16 1.08 145.62 355.96
traffic-light 138.62 59.63 148.85 86.97
traffic-light 372.24 11.41 388.48 23.59
traffic-light 410.73 4.32 428.2 15.28
parking-meter 243.78 284.58 305.26 457.17
car 303.92 87.01 316.19 95.91
traffic-light 478.1 81.21 489.39 100.34
fire-hydrant 511.55 132.87 516.46 144.63
fire-hydrant 505.63 131.72 521.99 158.64
car 520.33 149.98 640.0 228.18
car 286.75 221.92 640.0 478.75
car 624.05 182.72 640.0 223.77
