skis 81.84 453.57 343.77 617.0
backpack 148.66 247.8 216.33 379.7
backpack 341.83 315.73 379.75 370.95
backpack 249.14 248.52 257.13 279.02
person 106.9 186.99 259.75 549.13
person 193.3 203.67 258.3 313.16
person 325.57 287.96 388.3 459.1
person 318.24 256.19 343.46 309.9
person 333.84 221.17 342.65 256.77
person 259.96 210.12 288.1 264.34
person 298.37 212.34 315.41 245.29
person 287.1 202.63 300.59 243.8
person 242.32 238.87 277.43 316.68
person 249.65 202.17 271.81 248.27
person 225.5 177.15 247.07 223.03
person 358.54 227.01 370.29 254.49
backpack 229.19 184.65 242.23 202.91
person 217.3 173.4 237.8 206.85
backpack 366.62 233.22 371.24 239.63
skis 314.85 426.18 406.98 479.92
skis 133.29 406.9 316.93 536.75
skis 269.91 261.09 287.48 268.53
person 123 108 368 489