traffic-light 342.37 62.26 353.3 88.72
traffic-light 152.26 69.15 163.78 93.52
person 296.28 154.73 369.86 354.27
person 271.92 180.76 299.15 236.99
person 203.98 178.63 230.25 239.42
person 258.02 182.84 273.11 237.75
person 237.67 185.38 258.39 230.67
person 481.1 183.21 490.75 192.0
person 414.61 184.3 426.19 197.42
skateboard 309.84 328.86 338.54 349.41
person 271.7 200.61 289.69 235.79
person 585.55 174.63 614.27 201.17
car 550.48 205.43 640.0 390.5
car 485.02 197.77 639.93 343.58
car 0 208.38 71.65 423.34
car 448.22 183.68 584.59 310.98
car 424.21 192.83 485.19 288.89
car 379.21 198.45 422.99 265.58
car 0 165.97 189.95 332.35
car 4.02 211.99 134.63 394.85
car 408.48 189.1 480.72 274.62
car 356.73 196.32 424.53 256.62
car 120.25 163.86 167.2 212.79
car 352.65 184.64 421.48 211.17
traffic-light 249.64 164.51 253.83 170.7
traffic-light 162.12 69.41 173.47 93.36
traffic-light 242.07 177.42 243.9 181.75
traffic-light 288.3 142.42 292.3 152.94
person 434.61 177.66 445.28 189.89
car 149.43 180.39 192.86 259.8
person 220.76 180.89 229.84 205.11
person 221.48 191.71 236.12 233.02
traffic-light 249.62 166.09 254.14 175.35
traffic-light 356.64 63.4 369.97 88.15
car 163 171 359 248
