person 310.73 49.21 389.9 315.96
person 41.88 60.24 307.11 473.66
person 556.46 69.9 560.64 80.21
person 564.76 67.29 573.95 94.87
person 533.35 66.54 541.17 81.91
refrigerator 272.75 9.77 539.06 340.51
cup 0.04 308.19 28.77 347.47
cup 30.15 275.52 60.88 327.46
person 581.02 68.7 587.16 90.36
person 626.74 69.52 634.08 93.78
person 591.36 69.61 602.21 86.81
person 619.03 89.28 639.46 315.75
person 574.72 67.33 581.17 91.47
person 551.31 66.48 558.07 75.02
cup 0 316.52 22.98 358.85
cup 290.34 167.03 306.26 192.94
person 541.03 66.33 549.57 79.38
person 601.57 72.32 608.61 79.29
person 558 50 592 80