chair 521.97 173.37 586.79 234.89
chair 426.87 169.93 499.89 232.96
chair 333.7 159.79 358.06 210.72
person 345.44 105.55 459.62 339.68
person 83.91 169.74 210.96 335.37
person 520.68 112.21 585.75 241.67
person 2.96 140.46 112.35 329.66
person 426.04 110.6 497.2 232.73
baseball-bat 357.73 64.87 407.67 135.74
car 110.86 75.03 310.13 183.03
car 416.18 74.75 611.91 162.72
person 345.98 130.94 392.48 239.44
sports-ball 496.37 154.81 511.4 169.27
bottle 526.28 214.59 535.87 234.07
car 0 57.87 64.3 174.95
motorbike 0 119.94 71.61 201.89
backpack 341.64 207.35 380.6 237.82
baseball-glove 207.07 197.72 248.18 245.76
