chair 326.13 221.5 402.15 326.03
chair 421.77 231.17 488.0 338.17
chair 0 227.44 16.72 317.89
chair 465.49 233.08 488.0 326.51
person 94.52 28.22 403.07 613.08
person 0.17 154.62 42.68 228.37
person 39.33 152.73 92.5 247.85
person 311.61 151.72 342.97 202.14
person 283.19 147.53 306.61 205.18
car 397.02 146.66 447.48 158.24
tennis-racket 99.59 136.55 155.03 276.18
chair 54.6 211.43 111.42 297.34
person 272.09 94.85 302.87 149.2
person 300.17 89.62 321.98 159.01
person 32.3 136.64 53.65 159.15
person 23.57 155.23 49.94 207.98
person 0 154.24 12.62 191.33
person 52.25 138.08 65.76 157.61
bench 376.7 187.4 449.46 194.33
bench 386.63 200.96 469.58 209.52
person 336.4 150 373.44 225.13
person 460.78 195.02 487.46 278.31
