person 118.31 95.5 423.34 508.86
person 23.13 0 247.06 403.35
person 254.28 14.16 388.26 146.72
handbag 108.94 73.91 144.74 231.95
bottle 374.59 464.29 426.87 637.7
apple 145.61 393.55 206.11 453.58
apple 135.19 447.28 214.29 514.88
apple 0 562.14 88.04 640.0
apple 109.3 510.32 166.83 592.3
apple 7.26 606.62 120.56 640.0
orange 202.63 420.67 296.95 502.03
orange 204.38 498.99 276.06 573.75
orange 278.18 474.51 351.24 524.79
orange 137.3 559.21 254.98 640.0
orange 241.04 569.06 324.92 640.0
orange 57.51 457.85 138.73 539.35
orange 16.45 519.35 109.97 604.36
orange 174.9 372.87 231.83 427.58
orange 275.93 425.33 329.9 477.82
orange 0 396.51 95.87 473.33
person 1.44 109.3 50.34 335.1
orange 271.59 491.95 365.95 588.67
apple 160.25 516.91 244.25 576.67