bottle 531.48 140.84 587.75 239.91
chair 66.49 182.43 254.59 360.0
chair 240.74 181.53 331.81 231.02
chair 193.29 183.7 241.61 240.88
chair 377.03 184.46 428.11 220.95
diningtable 172.31 140.76 640.0 316.31
person 105.98 100.37 191.73 190.98
laptop 184.45 154.52 236.22 194.16
car 274.97 155.94 415.71 218.55
car 411.88 170.43 489.3 196.16
truck 570.81 127.7 640.0 188.51
diningtable 96.52 187.68 198.79 211.24
chair 0.12 162.32 62.49 262.26
car 602.66 173.75 619.01 180.69
parking-meter 426.5 150.58 447.22 193.99
