car 48.7 260.2 190.76 319.39
car 183.84 269.67 231.31 307.41
car 324.7 265.89 384.82 296.57
traffic-light 269.03 182.46 275.55 201.03
traffic-light 319.82 181.77 327.38 199.1
traffic-light 83.08 27.76 105.82 75.57
fire-hydrant 397.46 296.16 416.42 333.0
person 439.71 259.23 459.91 295.34
person 97.11 270.82 113.85 282.85
car 321.98 260.62 331.42 269.05
car 454.04 255.17 500.0 266.3
traffic-light 430.96 235.67 438.78 244.15
traffic-light 112.32 189.56 125.56 216.2
traffic-light 45.21 166.21 54.92 189.12
traffic-light 0 153.46 6.8 188.98
