bottle 550.34 364.38 573.89 374.67
skateboard 330.49 225.27 392.8 291.35
person 11.26 244.98 43.5 300.36
person 40.13 246.91 71.25 300.16
person 277.31 91.16 388.62 283.07
person 405.65 210.53 440.64 277.72
person 478.82 196.71 513.36 291.7
person 110.06 243.56 129.59 285.87
person 437.56 186.82 486.49 327.87
person 276.76 228.11 305.32 299.39
person 111.93 287.64 151.56 332.78
skateboard 276.23 280 301.28 298.23
person 74.66 260.34 110.26 313.47
person 550.36 156.27 605.87 231.58
person 581.16 107.58 638.84 403.71
person 159.91 252.43 179.94 283.04
person 7 131 618 355