person 1.7 334.86 28.78 408.29
person 122.96 340.41 145.71 403.91
person 21.78 329.59 38.64 403.53
person 539.6 345.8 545.33 360.59
person 565.47 345.15 572.58 358.55
person 571.59 349.49 577.81 357.01
person 592.29 341.53 598.47 358.71
person 450.17 343.83 458.36 351.18
backpack 240.52 400.89 264.15 421.07
kite 242.58 121.7 459.23 229.47
kite 446.09 201.95 599.81 310.45
kite 271.27 176.83 419.97 267.25
kite 191.34 272.41 324.28 398.3
kite 164.13 141.29 331.34 344.7
kite 23.11 203.96 172.81 408.92
kite 349.64 95.45 640.0 277.3
kite 272.23 233.7 325.73 331.49
kite 331.43 240.58 380.65 402.69
kite 174.7 384.55 231.38 396.04
person 431.19 349.43 436.57 361.47
person 560.2 341.21 565.55 353.92
person 463.46 346.59 468.01 360.99
person 406.98 347.37 413.29 362.85
person 604.59 350.19 609.45 356.15
person 0 132 639 371