bottle 341.01 279.53 358.78 315.45
refrigerator 0 206.62 55.14 415.73
refrigerator 574.53 213.75 640.0 395.18
bowl 366.28 293.14 403.5 315.95
banana 289.19 305.15 299.42 316.5
apple 319.52 306.8 325.19 313.4
apple 306.47 305.71 315.71 315.53
oven 199.94 279.37 266.23 372.83
sink 256.04 269.61 351.06 277.71
cup 327.89 300.53 340.16 312.71
diningtable 265.45 293.38 411.41 429.35
oven 76.75 246.26 196.88 383.71
vase 391.31 176.28 403.3 187.1
apple 297.91 304.95 307.15 315.99
bowl 382.6 263.84 400.93 272.6
bowl 83.92 256.46 113.13 277.89
bowl 124.91 270.16 149.33 277.82
bowl 624.48 209.93 640.0 215.11
bowl 0 190.59 30.24 209.08
vase 194.15 179.71 203.18 187.1
vase 195.25 149.7 204.72 158.56
vase 389.72 152.55 399.76 158.27
bowl 156.76 254.87 191.99 278.84