boat 114.24 228.1 486.9 322.42
person 224.5 264.55 241.08 282.75
bicycle 62.28 226.54 113.64 246.78
car 391.93 214.82 428.51 229.79
car 470.82 214.68 494.58 228.4
car 492.16 214.9 512.86 224.96
car 520.83 213.9 541.51 224.94
boat 597.27 220 634.46 231.59
boat 552.32 221.47 611.63 235.42
car 429.08 214.14 459.07 228.5
bicycle 3.57 229.43 65.6 248.58
bicycle 115.02 229.63 148.15 244.47
bicycle 230.08 220.87 246.62 238.8
person 145.65 213.89 154.56 233.57
person 167.33 263.72 187.09 290.34
bicycle 153.33 225.51 172.08 243.88
bicycle 184.27 228.06 202.29 242.75