person 24.45 92.04 263.19 618.43
person 196.19 3.07 268.45 96.05
person 124.12 0 198.38 84.03
person 81.92 44.41 136.05 173.07
person 9 48.28 82.68 151.65
person 0.65 128.24 48.92 218.85
person 233.03 1.69 300.98 82.34
tennis-racket 18.94 6.08 102.19 202.55
person 241.23 116.5 311.11 230.69
person 301.69 126.63 380.61 232.62
person 254.56 189.84 304.9 235.87
person 0 196.82 44.19 244.11
person 303.25 184.94 367.88 235.36
chair 369.65 38.6 387.42 60.04
chair 299.52 44.52 313.04 78.12
chair 217.65 20.14 236.98 32.4
person 304.29 53.08 350.92 123.38
person 15 0 423 196
