bottle 132.49 233.2 153.09 264.1
chair 60.4 394.07 189.84 483.24
chair 369.71 499.11 502.72 640.0
chair 477.12 421.62 631.35 629.19
chair 475.05 339.3 574.68 537.61
diningtable 5.77 366.85 612.61 632.07
knife 218.92 154.94 233.68 174.09
knife 232.94 153.13 244.29 168.46
knife 233.01 167.71 248.91 179.62
spoon 392.93 193.12 406.31 219.23
bowl 260.62 406.63 371.87 473.15
banana 278.92 372.8 345.7 439.06
sink 117.98 270.97 239.22 336.34
sink 457.77 264.74 615.38 294.84
refrigerator 249.1 262.52 336.74 390.85
knife 222.71 154.49 239.43 178.42
knife 229.96 164.06 244.7 179.85
knife 242.43 158.25 248.84 167.19
oven 1.66 272.35 146.29 518.37
chair 579.27 415.29 634.7 476.6
chair 217.57 359.3 294.26 430.21