dog 359.98 278.54 462.69 363.1
person 178.04 174.69 320.66 379.53
person 435.98 224.78 440.27 230.48
kite 393.24 35.19 424.21 68.66
surfboard 23.61 230.85 35.46 234.53
person 19.84 224.5 28.78 234.0
kite 547.45 209.62 550.4 213.28
kite 528.53 172.88 539.4 190.06
kite 460.55 197.06 465.87 204.5
surfboard 259.23 68.29 388.24 222.63
kite 39.84 41.49 74.69 64.07
kite 522.76 210.28 527.02 216.91
kite 630.78 209.9 633.02 213.22
kite 123.44 199.69 127.99 204.42
kite 116.64 218.6 120.96 223.52
kite 103.48 215.42 105.96 218.26