sports-ball 208.58 395.49 219.54 406.52
person 140.94 261.75 220.98 527.46
person 48.9 207.31 80.85 252.12
tennis-racket 186.31 369.39 283.88 415.56
person 277.06 125.99 294.05 141.43
person 276.33 51.6 327.33 101.53
person 370.71 128.96 383.65 144.34
person 382.02 94 425.97 168.42
person 357.02 95.01 386.1 135.8
person 381.81 56.81 414.01 93.27
person 351.18 54.81 383.52 95.62
person 303.8 128.97 332.76 142.49
chair 247.16 121.95 271.39 139.95
chair 256.55 112.49 279.99 129.87
person 105.48 193.89 134.52 254.21
person 312.42 110.41 347.41 143.04
