car 178.31 114.6 207.11 134.7
car 78.19 107.79 116.49 127.25
car 113.48 106.7 125.88 118.95
person 114.38 98.38 146.04 190.2
person 42.09 97.53 85.69 216.3
person 204.86 105.38 222.26 145.92
person 232.11 107.49 242.47 143.98
handbag 142.49 128.67 150.7 140.55
person 256.94 107.94 263.75 124.97
person 221.55 109.47 230.48 133.86
person 458.87 94.72 480.25 168.73
person 242.42 108.27 254.69 140.88
person 228.26 108.84 233.46 131.35
handbag 238.38 117.29 241.24 122.66
person 468.27 138.45 500.0 168.74
person 238.26 114.56 243.48 130.12
person 327.03 122.09 389.36 306.74