refrigerator 55.78 96.24 149.08 204.93
apple 268.99 192.47 281.62 206.05
orange 268.24 194.52 279.59 204.71
sink 15.4 194.19 171.53 228.68
knife 255.71 146.68 259.07 166.88
knife 251.15 144.46 255.72 166.7
knife 271.51 144.99 277.28 167.23
knife 267.06 143.63 272.11 167.66
knife 263.12 144.8 266.96 166.68
knife 259.07 145.13 263.16 167.13
bowl 374.58 211.16 420.63 226.31
bowl 259.72 205.33 274.87 214.07
carrot 284.1 200.63 290.89 209.12
carrot 281.73 201.35 287.4 212.14
carrot 272.48 187.62 283.84 200.36