tvmonitor 40.58 30.52 241.48 222.52
tvmonitor 237.02 24.3 469.09 183.97
bottle 221.35 174.66 265.47 311.42
cup 111.47 235.71 161.98 287.25
cup 222.6 280.63 281.76 344.48
laptop 273.98 168.27 491.87 363.51
spoon 446.6 187.65 466.02 217.07
mouse 471.7 285.06 524.28 318.86
mouse 480.55 348.82 511.49 365.09
keyboard 300.94 280.52 463.82 339.85
keyboard 244.75 386.08 328.43 403.94
cup 42.49 208.46 115.13 278.47
remote 519.21 278.49 557.62 288.15
remote 532.49 288.29 548.7 303.88
book 0 317.54 63.6 330.13
book 0.35 229.72 55.26 243.33
book 3.16 289.02 61.15 299.65
book 554.89 365.01 625.48 443.84
book 0.67 249.9 52.27 262.48
book 0 241.05 49.28 251.87
book 0 144.91 40.24 151.67
book 0 106.86 37.83 135.54
book 0 88.09 36.32 96.83
keyboard 233.57 361.05 459.85 412.25