dog 291.47 285.8 341.37 344.58
sheep 161.81 235.23 321.44 373.56
sheep 47.27 235.55 152.51 366.47
sheep 74.01 223.91 198.47 367.04
sheep 256.97 254.87 324.33 370.55
person 81.12 78.2 175.01 246.43
person 224.5 115.21 261.5 179.78
person 429.14 96.02 491.85 173.42
person 510.4 117.51 558.17 192.06
person 170.24 94.67 211.1 162.77
person 272.08 102.7 324.73 164.74
person 320.22 89.27 377.51 184.24
person 381.4 96.91 430.7 163.09
handbag 174.92 116.42 199.4 169.03
person 477.51 147.33 527.14 276.28
person 136.32 89.85 171.78 142.47
person 0 105.31 67.38 176.59
person 1.91 150.54 53.94 288.99
bench 323.89 245.4 533.39 290.7
person 23.48 88.5 69.1 150.38
bench 516.14 224.16 546.61 235.43
sheep 253.63 239.02 280.53 261.43
person 1 71 639 316