motorbike 0.98 238.11 58.34 320.13
motorbike 451.15 241.82 500.0 321.67
train 5.79 159.6 500.0 257.19
traffic-light 51.76 40.08 61.52 75.54
traffic-light 40.23 40.24 49.62 73.8
traffic-light 463.32 113.14 480.28 164.03
traffic-light 443.66 47.34 482.45 85.83
traffic-light 24.69 101.83 45.93 157.26
traffic-light 21.1 39.23 38.47 75.41
traffic-light 446.66 103.24 463.65 147.27
fire-hydrant 81.4 219.71 101.7 290.1
fire-hydrant 404.77 227.45 421.72 292.97
person 104.82 181.13 125.24 205.21
person 72.09 189.32 82.42 203.58
person 56.72 187.54 69.31 203.82
person 166 194.73 174.31 203.66
person 418 195.77 431.54 210.14
person 98.5 196.15 103.4 203.91
person 350.37 196.6 354.9 207.65
person 397.63 200.96 403.21 208.88
person 436.96 200.55 443.54 209.09
