person 312.61 2.63 373.57 138.79
baseball-bat 102.01 242.21 170.92 329.01
baseball-bat 58.43 321.8 164.49 382.92
baseball-bat 114.73 269.92 164.54 347.01
baseball-bat 326.78 367.5 409.81 398.34
sports-ball 194.85 185.89 205.3 196.61
baseball-glove 322.51 235.88 376.0 283.06
person 152.8 151.01 166.05 192.09
baseball-bat 566 47.67 635.7 123.49
baseball-bat 287.27 247.66 295.36 339.15
baseball-bat 563.73 276.59 596.35 386.88
baseball-bat 443.79 100.59 459.8 120.87
baseball-glove 205.59 313.42 230.77 341.32
baseball-glove 589.34 111.77 623.14 146.73
baseball-glove 139.65 343.16 168.15 378.83
