elephant 78.05 66.41 571.03 549.8
person 566.47 145.23 587.48 196.47
person 590.11 176.67 612.69 226.11
person 587.1 173.83 598.68 192.32
person 598.72 169.07 623.05 189.0
person 34.8 179.7 46.47 201.37
person 541.13 177.06 550.16 201.59
person 551.33 167.81 560.26 177.69
person 72.04 179.29 80.47 192.2
person 15.2 173.22 23.26 185.95
person 52.89 165.86 57.8 175.91
person 42.34 180.2 52.15 190.3
person 599.95 165.04 605.2 180.43
bench 547.78 193.91 600.44 219.5
person 78.14 163.68 81.2 173.81
tie 544.7 189.91 548.11 199.01
person 0 161 631 193