person 547.17 12.75 613.73 119.36
person 392.37 32.71 539.26 148.87
motorbike 0.96 2.89 471.38 427.04
motorbike 399.15 38.71 640.0 422.47
person 184.96 5.09 263.4 69.11
chair 28.85 200.05 239.49 423.19
chair 316.93 155.21 431.83 337.13
chair 161.58 114.45 251.99 218.33
chair 118.3 67.33 190.44 138.5
chair 215.35 99.53 310.43 203.71
chair 350.15 96.67 395.11 137.88
chair 293.57 175.25 344.76 215.11
chair 87.89 134.36 183.31 236.75
chair 180.13 62.74 240.21 127.33
chair 0.03 238.86 95.56 428.0
chair 382.3 79.69 443.6 144.34
chair 366.05 146.47 485.51 323.29
chair 68.75 70.25 137.48 142.48
laptop 330.15 93.55 388.17 152.82
person 327.78 11.48 419.01 98.52
chair 20 55 506 233