tennis-racket 22.88 182.12 142.86 297.89
person 106.97 143.26 422.13 425.0
person 199.46 157.45 257.42 375.43
person 56.23 196.69 119.41 317.66
person 14.46 234.76 40.49 292.86
person 452.95 190.62 531.4 365.29
person 536.52 228.54 562.66 302.38
person 575.7 233.19 599.84 303.35
person 408.32 234.89 426.61 280.62
person 420.01 240.95 444.31 287.59
person 399.25 267.6 431.93 320.71
person 141.23 231.84 154.02 268.84
tennis-racket 475.5 258.48 494.95 298.85
tennis-racket 197.79 179.04 223.73 231.74
person 504.78 231.84 528.55 302.12
person 611.81 240.31 631.99 307.41
person 0 222 618 323
