person 381.95 64.49 438.17 120.12
person 339.45 54.81 380.93 122.53
person 286.98 55.62 311.81 99.64
person 123.41 46.76 159.3 100.95
person 445.12 53.75 479.97 88.11
tie 448.31 71.74 460.4 90.39
donut 63.79 200.32 99.44 224.33
donut 83.87 205.14 123.2 230.88
donut 45.54 222.05 60.39 240.41
donut 46.51 230.39 79.13 257.54
donut 103.34 180.09 139.74 202.34
donut 122.14 188.04 155.07 208.2
donut 143.87 179.74 176.74 194.59
donut 162.38 185.42 195.66 201.77
donut 176.27 179.89 207.24 197.56
donut 201.97 186.86 232.46 202.1
donut 214.16 182.29 241.28 195.79
donut 232.88 186.73 259.99 201.25
person 318.76 76.74 330.8 91.04
donut 261.15 189.76 287.9 200.97
donut 100 135 495 179