pizza 441.17 351.64 497.26 388.31
person 528.43 110.91 615.94 220.18
person 1.08 213.57 200.63 474.61
person 443.24 222.16 640.0 475.14
person 324.96 26.85 391.95 115.83
person 196.31 73.35 277.21 203.87
person 205.82 123.61 385.92 479.42
person 394.78 95.72 484.04 258.04
person 408.81 135.91 606.2 462.74
person 362.3 89.25 431.98 188.34
person 110.88 80.96 178.97 215.34
person 301.83 85.12 345.39 131.03
pizza 465.53 208.52 510.69 232.66
pizza 67.76 170.98 266.06 447.42
pizza 494.21 467.16 545.85 479.84
person 1.54 102.1 86.12 246.77
pizza 305.36 199.39 336.8 233.62
chair 183.55 178.27 229.61 263.82
chair 215.04 302.17 375.77 480.0
chair 416.7 253.44 466.82 336.86
chair 142.81 188.61 160.35 200.07
chair 575.93 360.04 596.48 405.46
chair 188.21 181.76 239.18 295.91
chair 373.99 213.23 431.8 348.34
person 0.93 71.25 64.71 169.7
pizza 231.95 130.43 248.07 136.49
pizza 471.83 405.77 497.24 416.04
chair 193.74 218.37 255.37 302.75
chair 168.94 187.85 242.18 387.66
chair 233.32 192.16 245.69 297.42
chair 238.1 196.3 248.07 274.33
chair 188.35 200.83 253.49 291.87
person 0 114 433 479
chair 8 243 402 396