umbrella 300.12 10.96 612.12 269.42
umbrella 295.57 8.17 405.95 102.55
person 131.2 158.4 229.6 352.0
person 309.62 186.62 428.81 308.48
person 482.54 178.7 602.19 346.21
person 584.51 125.88 639.04 351.99
person 57.16 153.03 133.82 284.27
person 447.37 267.7 562.28 356.0
person 82.93 16.12 152.45 123.34
person 231.9 23.52 307.75 95.9
person 160.03 73.07 305.67 153.68
person 116.79 62.92 161.61 141.65
dog 150.14 87.31 233.02 148.94
dog 232.85 3.02 288.54 42.04
person 251.4 239.09 353.36 351.6
backpack 131.3 116.51 192.33 159.04
backpack 187.49 34.43 210.01 61.53
handbag 366.49 287.34 432.79 348.08
person 0.92 140.55 82.3 326.41
person 22.6 123.98 97.71 220.0
person 1 0 577 355