skis 219.86 371.65 241.14 375.34
snowboard 164.4 347.31 227.11 405.0
person 345.77 257.75 438.68 423.0
person 262.91 272.94 297.32 374.42
person 324.82 258.27 367.04 379.0
person 172.05 272.81 206.27 360.26
person 114.93 278.12 182.02 408.84
person 217.77 308.77 245.07 375.39
person 446.48 274.63 494.45 374.0
person 496.17 255.77 532.95 378.04
person 419.56 276.68 453.06 369.57
person 3.13 287.89 27.3 359.0
skis 317.61 373.96 360.46 378.35
skis 503.82 372.53 545.43 379.95
person 203.51 327.56 218.17 357.48
skis 67.02 215.05 131.39 423.0
skis 449.02 369.3 501.2 381.99
skis 19.38 278.69 41.4 391.08
skis 0 271.19 14.47 366.0
person 448.62 258.75 479.22 373.63