person 199.36 250.43 212.3 264.27
person 278.67 262.33 296.28 279.75
person 145.44 224.91 164.72 237.84
person 120.37 176.71 126.7 180.87
person 111.82 208.34 120.59 213.3
surfboard 263 334.38 318.31 342.56
surfboard 275.28 266.02 288.9 274.17
person 553.64 159.68 554.9 167.25
person 537.75 154.3 542.87 162.9
person 146.44 214.07 152.53 224.42
person 258.53 324.54 307.26 340.79
person 247.92 169.61 253.57 171.72
person 285.57 183.33 288.42 188.26
person 125.1 184.3 141.56 190.51
surfboard 163.06 227.82 165.63 231.25
surfboard 198.67 258.98 206.24 264.87
surfboard 161.22 216.77 167.99 220.72
surfboard 113.66 212.82 118.7 214.8
surfboard 132.72 185.06 141.6 188.74
surfboard 233.82 184.13 253.7 185.85
surfboard 151.4 231.8 166.25 240.14
person 140 141 623 190
surfboard 116 154 300 191