orange 290.77 206.46 351.53 263.56
orange 327.05 240.78 398.71 308.63
orange 310.28 221.84 369.74 282.07
orange 245.88 223.56 290.13 278.97
apple 201.64 1.55 211.94 10.8
apple 53.87 125.26 85.44 144.71
apple 169.99 55.54 202.82 85.0
apple 124.31 73.92 154.25 102.55
apple 189.35 5.89 203.66 15.15
apple 166.72 3.28 184.15 17.82
apple 61.7 27.63 187.09 105.26
apple 45.1 90.34 65.25 110.96
apple 94.33 89.27 140.11 137.83
apple 251.84 43.42 280.73 64.0
apple 226.33 46.62 250.99 62.12
apple 223.93 73.76 256.03 97.17
orange 278.65 191.34 333.59 242.26
orange 156.53 245.74 355.98 319.79
orange 378.9 161.98 428.35 207.4
orange 327.37 166.63 432.0 319.79
orange 285.17 76.81 328.91 114.27
orange 29.83 164.04 74.64 194.72
apple 182.94 4.78 191.01 15.49