umbrella 80.17 187.64 133.36 231.38
umbrella 241.49 206.85 306.74 250.07
umbrella 318 264.46 448.61 354.51
umbrella 553.68 229.57 636.82 298.52
umbrella 0 229.58 68.96 288.8
person 190.34 130.36 207.21 156.15
person 214.78 116.66 232.76 159.25
person 248.66 125.24 265.17 160.83
person 354.64 120.91 377.15 160.48
person 63.85 117.97 87.81 174.62
person 529.96 110.18 547.9 146.29
person 160.87 111.01 185.04 165.5
backpack 46.35 179.81 67.13 197.16
person 156.04 112.9 164.95 145.64
person 138.43 119.84 161.82 189.19
backpack 166.1 134.38 170.3 142.97
umbrella 0 192.57 26.13 225.19