bottle 342.54 428.33 411.14 603.52
bottle 170.96 475.61 186.52 598.78
bottle 152.7 408.69 174.34 460.23
bottle 6.14 373.76 45.45 515.61
bottle 123.13 431.1 170.38 630.12
bottle 232.76 491.04 304.19 635.05
bowl 177.96 430.01 364.78 535.69
person 5.75 123.69 143.82 454.47
person 39.39 177.23 197.77 356.89
person 334.64 128.44 480.0 500.19
person 113.54 163.6 168.45 318.88
person 131.21 169.11 239.42 314.57
person 318.91 189.04 365.36 298.05
person 70.34 124.45 190.49 319.43
person 1.44 142.14 63.28 524.7
spoon 412.91 545.49 480.0 582.41
chair 260.7 245.04 309.85 290.47
person 308.89 171.49 413.46 302.76
spoon 194.18 304.93 254.55 320.76
spoon 111.82 415.75 220.55 462.44
spoon 301.44 533.39 343.65 549.83
diningtable 102.98 321.82 398.3 433.33
bottle 176.41 457.9 231.56 639.87
bottle 154.02 458.51 181.16 598.5
diningtable 1.58 388.48 480.0 631.84