baseball-glove 276.4 259.53 296.38 282.63
person 97.87 217.82 167.92 360.79
person 59.36 32.05 78.09 61.51
person 103.09 215.19 118.07 263.1
person 45.93 213.44 69.64 270.45
person 25.91 212.71 45.28 273.3
person 279.76 186.62 376.85 335.53
person 183.03 253.9 279.25 350.13
person 213.64 207.5 226.57 253.15
person 63.8 211.27 79.36 271.39
person 2.75 217.65 33.56 271.32
person 255.11 185.26 265.58 209.5
person 230.82 204.89 241.91 224.52
sports-ball 422.46 238.81 436.93 247.75
baseball-bat 367.44 228.98 384.07 261.15
person 397.6 187.3 408.07 202.77
person 79 41 293 270
