person 196.71 144.89 314.73 421.24
person 465.38 159.29 560.38 421.24
person 447.06 164.94 485.27 279.57
person 562.3 59.33 640.0 422.04
person 74.84 178.18 141.05 376.81
person 131.71 185.16 178.84 345.26
person 30.99 201.29 79.52 370.81
cell-phone 393.35 227.25 402.93 236.82
cell-phone 300.18 233.1 318.15 244.18
bowl 376.11 269.37 405.5 284.76
handbag 191.31 188.12 249.2 405.31
person 0.96 190.95 49.9 395.33
person 177.23 193.48 211.16 315.78
person 476.55 195.43 488.36 209.25
person 478.91 190.74 500.16 220.23
cup 282.37 229.41 295.46 255.04
book 360.06 216.97 386.25 238.87
person 328.91 157.24 423.15 269.76
handbag 170.92 242.58 185.17 272.23
cup 391.58 257.62 414.32 271.72
diningtable 309.39 286.17 528.87 427.0
person 391.29 177.94 420.99 221.91
spoon 336.15 261.97 343.38 271.76
cup 335.24 271.91 352.06 284.95
spoon 411.84 251.6 420.1 261.42
