diningtable 1.38 122.4 610.62 605.12
person 0.76 0 161.43 74.23
cup 536.24 123.24 612.0 258.26
cup 116.24 53.13 188.59 178.69
cup 48.07 70.85 126.37 202.05
cup 0 86.17 57.46 235.69
cup 281.3 395.12 445.96 599.58
pizza 100.4 254.43 356.2 401.58
pizza 288.51 200.37 496.28 333.73
cup 180.61 39.11 245.02 156.86
cup 305.47 1.13 331.22 34.57
cup 394.71 323.19 541.86 566.62
cup 359.56 0.57 383.47 33.07
diningtable 241.37 4.57 454.35 82.42
cup 484.17 273.06 612.0 484.79
person 236.98 80.02 316.63 127.6
chair 348.57 66.55 478.29 142.39
chair 464.06 0 541.05 128.07
cup 564.17 234.26 612.0 426.04