sheep 139.86 236.43 184.66 305.94
car 429.52 186.28 467.41 204.06
person 529.78 180.73 574.86 259.5
person 208.46 182.62 222.51 223.76
person 225.43 190.91 236.78 206.73
person 618.77 185.53 626.9 206.53
person 258.37 191.58 262.53 202.25
person 490.59 186.44 495.99 202.23
person 251.72 191.56 255.21 200.18
truck 327.85 161.21 475.49 198.12
person 499.2 184.31 505.97 199.2
person 584.55 182.97 591.07 192.35
person 589.67 185.68 595.01 196.35
person 602.21 189.1 609.67 204.02
person 280.66 191.23 290.05 199.34
car 543.07 193.34 547.65 197.0
motorbike 382.85 171.56 409.27 197.28
truck 298.44 164.65 320.01 184.7
person 513.75 189.02 518.93 202.44
person 489 174 639 211