skateboard 372.02 267.24 494.09 325.39
person 208.33 52.64 468.91 325.13
person 532.21 165.74 589.75 330.23
person 209.23 247.34 254.12 311.46
person 217.58 344.1 264.28 405.15
person 243.43 275.87 260.37 313.73
person 167.17 335 183.92 374.08
person 115.15 311.63 164.04 379.49
person 9.29 334.64 72.78 396.63
person 574.03 220.33 633.88 316.65
skateboard 133.49 362.42 164.9 380.31
skateboard 48.79 380.9 76.52 398.18
skateboard 216.86 300.47 243.45 312.86
skateboard 222.44 390.36 249.27 409.12
person 253.62 369.16 265.74 404.71
bicycle 508.3 295.05 542.08 331.06
bicycle 485.09 290.91 638.81 336.91
bicycle 83.14 364.79 112.28 385.57
bicycle 238.41 298.35 265.63 314.15
person 87.04 344.4 105.12 379.65
person 103.4 357.55 111.0 372.52
skateboard 48.66 173.76 55.06 180.43