kite 176.8 237.98 257.07 258.72
kite 331.47 64.73 389.83 85.99
kite 281.05 216.76 422.4 265.44
kite 222.76 265.81 395.02 323.61
kite 240.93 124.85 264.28 136.92
kite 431.24 29.56 450.01 44.34
kite 116.24 178.44 136.9 191.4
kite 232.72 20.46 242.42 30.16
kite 221 179.65 453.09 241.63
kite 461.84 252.38 480.25 269.08
kite 506.64 195.03 523.44 215.88
person 521.67 361.66 568.59 480.0
person 497.1 381.25 528.01 478.28
person 452.22 369.82 505.89 480.0
person 404.45 345.09 457.69 480.0
person 293.47 385.6 350.47 444.87
person 260.94 341.58 308.19 465.07
person 215.13 327.58 257.13 470.66
person 27.71 361.31 52.71 426.91
person 33.19 339.26 59.58 414.7
person 154.33 379.97 213.96 420.12
person 92.7 372.36 119.87 417.28
car 570.98 344.59 593.6 356.98
car 600.13 343.89 614.97 355.87
car 616.22 344.48 623.57 352.8
kite 323.96 160 465.92 215.13
kite 280.32 92.35 326.35 106.77
car 475.41 347.38 492.28 355.81
car 558.76 345.03 577.06 355.61
car 487.46 346.46 499.81 355.42
car 472.06 348.3 482.97 354.93
person 59.25 364.87 83.3 397.99
car 386.47 348.09 396.06 356.96
car 404.17 346.86 422.06 355.19
person 140.29 359.77 173.04 407.97
kite 54 0 622 263
person 4 187 635 452