pottedplant 236.98 142.51 261.68 212.01
tvmonitor 7.03 167.76 156.35 262.63
tvmonitor 557.21 209.19 638.56 287.92
chair 358.98 218.05 414.98 320.88
chair 290.69 218 352.52 316.48
chair 413.2 223.01 443.37 304.37
chair 317.4 219.24 338.98 230.83
person 412.8 157.61 465.85 295.62
person 384.43 172.21 399.55 207.95
microwave 512.22 205.75 526.96 221.72
refrigerator 493.1 174.34 513.39 282.65
book 604.77 305.89 619.11 351.6
book 613.24 308.24 626.12 354.68
clock 447.77 121.12 461.74 143.0
vase 549.06 309.43 585.74 399.1
vase 350.76 208.84 362.13 231.39
chair 412.25 219.02 421.88 231.54
vase 241.24 194.99 255.46 212.62
vase 336.79 199.5 346.52 216.23
diningtable 321.21 231.22 446.77 320.15