bottle 4.78 113.79 14.62 141.19
bottle 52.02 124.66 56.99 147.51
bottle 27.55 124.61 32.79 143.73
bottle 43.94 123.98 51.68 144.58
bottle 56.95 123.38 66.33 145.4
bottle 71.94 123.2 76.97 147.07
bottle 35.02 122.65 38.78 144.3
bottle 15.3 122.04 22.3 141.41
bottle 38.09 123 45.13 144.11
bottle 66.51 122.28 73.11 145.71
chair 117.21 213.99 315.52 429.03
chair 303.99 196.14 341.09 220.11
chair 15.6 294.68 89.23 414.32
chair 212.72 206.19 281.64 218.3
diningtable 117.57 243.78 295.55 288.0
person 229.58 157.25 280.38 206.52
person 478.88 27.63 561.15 147.78
laptop 317.85 139.7 638.93 474.73
bottle 93.8 123.15 99.59 146.87
bottle 97.73 125.49 105.72 148.43
chair 338.81 200.17 369.63 271.12
diningtable 17.26 334.65 343.01 473.8
tvmonitor 339.23 141.52 638.85 471.28
clock 70.94 26.8 93.4 54.35
chair 272.69 195.51 303.49 216.92
bottle 82.33 123.66 91.27 148.07
diningtable 312.31 218.4 371.62 241.52
chair 58.48 209.1 166.93 431.16
person 129.19 128.83 212.15 212.98
bottle 17 120 100 149