clock 136.42 140.14 155.0 156.48
boat 228.77 469.57 301.99 483.31
pottedplant 363.4 313.36 371.22 325.83
pottedplant 339.66 314.11 361.01 329.67
pottedplant 342.9 262.82 348.8 271.17
pottedplant 361.81 259.71 370.4 270.04
pottedplant 245.02 312.95 267.38 328.53
pottedplant 177.53 307.94 211.55 322.07
pottedplant 27.88 331.77 43.26 347.48
pottedplant 332.82 262.17 342.55 271.35
pottedplant 28.84 255.48 37.7 270.01
boat 292.87 510.58 366.8 520.56
boat 304.71 482.91 370.76 491.0
boat 240.55 480 306.32 494.23
boat 237.97 494.06 304.71 505.73