person 227.28 74.36 230.65 82.58
umbrella 143.15 238.12 236.17 301.7
clock 505.87 199.86 520.35 213.89
clock 532.51 196.17 540.38 212.09
person 565.48 16.35 570.8 28.4
person 573.58 17.41 577.58 28.05
person 391.67 102.86 396.83 114.61
person 326.92 0.07 329.78 6.7
person 523.72 110.45 527.08 119.25
umbrella 572.6 59.57 586.87 67.34
umbrella 612.04 66.16 628.14 73.97
person 579.65 17.22 583.29 28.55
person 396.01 98.58 400.32 111.48
person 598.09 135.01 603.01 149.65
person 100.9 40.63 104.17 49.22