person 548.84 218.55 553.66 227.78
snowboard 304.21 313.38 319.0 319.08
snowboard 508.43 263.6 528.99 267.34
backpack 303.64 292.89 307.64 301.76
person 483.03 237.38 488.81 247.88
person 520.34 229.3 523.6 235.75
skis 191.69 277.63 201.61 280.62
person 321.93 234.4 328.81 252.2
person 303.54 282.12 325.32 316.78
person 190.36 254.51 199.09 279.11
person 448 230.97 456.25 242.19
person 518.13 243.7 521.69 259.67
person 632.15 282.74 639.8 301.86
person 508.55 238.84 512.92 247.25
person 513.7 239.6 518.18 249.86
skis 480.1 256.75 495.38 258.0
skis 441.89 241.04 452.88 242.31
snowboard 485.73 262.71 491.75 264.86
snowboard 506.22 252.97 513.75 254.25
snowboard 355.98 245.99 364.26 247.1
skis 510.66 263.67 526.62 266.05
person 468.66 237.88 470.11 240.83
person 507.23 239.25 514.13 253.95
person 353 229 533 268