sheep 326.3 265.54 390.64 320.16
person 437.12 196.63 467.16 261.0
person 573.24 204.34 622.84 338.33
person 549.18 192.61 591.84 328.47
person 391.55 200.63 421.75 258.88
person 377.57 201.48 399.27 266.96
person 489.43 229.07 509.84 271.92
person 311.14 204.64 340.54 262.23
person 241.28 207.37 269.45 304.09
sheep 292.69 269.43 329.33 327.62
sheep 312.17 255.22 338.6 276.12
sheep 412.86 263.71 473.89 323.81
sheep 464.87 267.29 495.65 328.85
sheep 491.99 269.69 516.66 311.1
sheep 159.03 266.94 181.07 315.99
sheep 386.2 258.34 450.07 323.42
person 2.16 0 163.96 474.61
person 209.19 215.05 236.55 306.26
person 266.05 214.12 290.03 306.99
person 191.1 217.54 221.71 304.2
car 544.31 235.14 561.14 285.64
sheep 381.83 269.07 405.06 321.58
sheep 173.96 267.49 202.58 312.41
stop-sign 375.83 136.97 392.46 164.81
