chair 364.64 290.06 488.24 456.93
chair 305.75 145.44 398.75 269.01
chair 482.27 173.3 569.66 322.43
chair 188.62 124.46 277.81 194.67
chair 377.81 416 422.19 473.81
diningtable 384.06 144.64 573.63 282.36
diningtable 605.36 216.66 640.0 352.19
person 152.06 217.16 379.74 479.02
person 406.65 9.71 491.87 151.01
person 331.36 94.09 461.7 265.38
person 519.05 75.64 638.59 239.62
laptop 53.93 348.4 199.55 460.58
laptop 97.08 253.3 199.55 336.36
cup 89.45 321.06 118.77 372.36
tvmonitor 194.92 78.88 234.98 115.88
chair 282.12 217.81 331.79 310.64
chair 567.44 160.52 610.76 284.75
person 480.14 75.24 518.63 154.46