person 148.72 201.96 231.37 377.47
person 311.89 166.07 396.76 281.18
person 545.44 247.89 630.32 391.61
suitcase 372.9 321.95 506.41 436.25
suitcase 502.61 396.37 640.0 480.0
suitcase 296.21 182.91 340.25 251.97
suitcase 196.06 150.31 255.22 199.25
suitcase 230.1 214.11 264.97 231.94
suitcase 205.11 224.98 256.44 266.27
suitcase 256.77 174.44 307.47 203.77
suitcase 129.33 193.69 144.33 213.77
suitcase 262.26 228.49 302.09 251.17
person 32.21 299.19 164.58 479.95
truck 216.05 253.09 639.72 480.0
suitcase 135.93 176.71 169.0 225.13
suitcase 263.39 191.04 308.02 233.72
suitcase 213.56 197.09 260.09 220.72
suitcase 162.08 177.04 214.44 220.68
truck 71.11 77.04 394.67 340.15
truck 386.37 41.48 610.37 245.33