tennis-racket 313.81 285.63 441.92 354.63
person 163.7 73.71 384.84 421.21
person 498.38 30.08 637.33 426.0
person 442.27 0 515.03 94.77
person 328.56 5.47 437.44 101.16
person 118.24 5.63 219.29 129.42
person 83.39 15.68 127.84 107.76
person 224.53 3.01 321.76 98.23
person 541.03 1.54 624.45 110.63
person 24.72 17.54 117.85 129.97
tennis-racket 278.16 173.13 335.35 310.6
tennis-racket 323.99 169.1 372.23 308.38
tennis-racket 350.04 167.15 413.25 289.29
person 185.89 1.11 237.9 85.2
person 48.95 35.15 81.64 64.86
