chair 159.37 133 362.47 321.26
chair 18.34 5.39 147.78 162.88
chair 505.06 6.56 640.0 184.13
chair 445 92.24 603.74 239.97
chair 2.15 194.8 27.98 393.9
person 196.31 63.46 372.13 377.35
laptop 373.21 197.39 566.29 334.38
laptop 66.88 241.29 235.15 423.58
mouse 311.93 340 349.8 374.46
keyboard 297.89 263.18 392.58 324.73
keyboard 101.54 326.39 206.7 402.57
keyboard 414 252.03 480.18 321.77
cell-phone 543.62 243.1 564.04 257.81
laptop 403.37 293.76 533.7 346.72
laptop 404.33 304.78 533.1 357.22
laptop 398.1 303.32 529.47 369.26
laptop 396.42 314.98 525.9 380.87
laptop 396.15 327.55 522.96 390.19
