vase 49.48 26.15 91.13 109.89
person 413.37 337.06 567.27 566.0
person 344.21 93.87 398.21 184.11
person 243.17 38.08 324.44 167.67
person 283.64 369.74 450.26 556.71
person 146.27 386.66 296.36 559.64
person 114.7 123.64 205.87 242.21
person 196.8 128.44 289.55 254.36
person 250.27 116.48 299.6 206.45
person 317.13 121.03 367.58 174.14
person 119.1 221.91 215.55 548.28
person 7.63 204.78 139.91 559.64
person 289.45 216.54 408.91 450.9
tie 144.24 74.79 167.66 124.81
tie 197.11 77.41 215.74 109.19
tie 278.55 103.35 291.04 121.39
tie 454.85 181.18 467.39 200.94
tie 348.88 91.08 358.27 116.05
tie 470.35 266.59 497.12 336.55
tie 423.34 286.99 440.8 327.8
person 532.16 372.83 640.0 560.1
person 19 5 620 532