cow 380.59 180.34 494.12 291.31
cow 273.83 165.89 301.25 198.38
cow 171.63 163.94 211.82 190.62
cow 24.83 178.4 125.69 246.67
cow 33 168.66 75.83 186.12
cow 377.09 159.77 405.23 177.05
cow 333.52 157.82 353.7 173.18
cow 555.08 152.23 577.2 166.85
cow 587.72 153.46 614.02 167.8
cow 151.45 164.98 162.48 178.61
cow 404.66 154.51 415.99 167.24
cow 426.87 158.96 437.72 175.44
cow 110.84 165.03 140.25 185.86
cow 108.19 164.63 134.62 174.95
cow 436.81 155.03 456.96 169.04
cow 492.41 157.55 503.51 173.62
cow 364.11 156.98 373.25 165.85
cow 27 140 639 178