sports-ball 487.18 133.19 520.95 167.06
person 210.46 167.13 242.56 277.41
person 424.98 167.27 448.04 252.7
person 405.65 170.25 431.6 246.34
person 471.5 158.03 589.68 457.0
person 354.69 167.03 373.98 239.07
person 379.62 170.04 398.65 244.72
person 458.59 170.87 483.37 260.82
person 550.7 173.37 586.2 283.3
person 365.37 171.02 380.38 229.36
person 332.03 166.91 369.38 263.36
person 176.12 171.5 210.55 242.91
person 30.44 170.31 61.49 254.07
person 155.6 174.5 176.97 232.08
person 45 167 564 232
