diningtable 214 183 544 404
wine-glass 373.68 258.88 403.55 321.3
wine-glass 316.16 193.65 331.11 218.87
wine-glass 307.47 267.96 338.92 334.13
wine-glass 305.91 238.71 330.07 269.63
wine-glass 343.36 194.03 361.68 227.33
wine-glass 329.21 171.05 338.36 183.54
person 394.44 136.57 565.39 380.11
person 8.71 130.09 111.62 275.5
person 414.23 142.41 448.2 237.96
person 305.47 118.43 423.24 231.67
wine-glass 327.59 209.44 344.22 250.23
wine-glass 317.72 192.58 331.62 199.69
wine-glass 363.53 199.08 379.85 233.67
chair 2.08 197.05 61.69 310.91
chair 49.96 181.58 117.38 283.9
person 251.95 130.09 325.33 224.2
person 381.05 128.38 415.03 197.24
person 129.19 135.32 155.55 160.23
person 102.91 137.69 134.86 184.17
person 419.3 186.94 452.48 242.9
person 186.93 127.21 339.98 299.97
person 58.26 180.35 255.96 420.07
bench 291.43 149.95 640.0 420.4
handbag 325.76 332.6 396.96 394.04
wine-glass 346.19 179.13 357.17 193.62
wine-glass 36.41 172.42 46.54 187.93
cup 334.57 254.84 363.7 286.29
chair 1.1 336.35 63.23 422.58
person 129.21 145.38 191.87 192.38
diningtable 0.31 177.59 127.16 223.71
person 0.85 143.91 37.69 189.5
handbag 399.6 183.91 402.75 220.25
