car 519.23 145.55 587.35 234.32
car 261.52 138.4 400.36 268.63
motorbike 300.94 173.66 579.24 390.47
person 45.32 122.27 84.17 268.05
person 593.47 120.87 640.0 339.0
bench 102.64 167.54 156.04 199.78
handbag 34.26 142.27 62.37 217.4
person 270.46 127.41 292.67 179.93
person 356.74 123.9 365.49 138.08
person 371.05 127.59 376.93 138.3
person 385.12 130.71 393.92 140.3
person 400.44 128.43 409.68 137.08
person 347.75 127.86 354.69 137.24
person 375.24 140.76 509.48 382.1
person 0 111.85 43.16 272.56
car 483.3 143.65 516.41 155.93
car 480.18 155.58 556.28 240.65