person 241.63 222.93 378.15 443.97
handbag 279.73 281.9 346.12 400.54
umbrella 180.6 65.68 194.83 170.29
umbrella 205.87 71.4 220.41 170.31
umbrella 539.38 115.6 572.63 212.56
umbrella 562.46 132.44 599.98 210.74
umbrella 247.25 75.99 262.07 170.63
umbrella 103.09 62.66 115.42 190.61
umbrella 143.5 60.85 156.05 162.93
umbrella 159.73 65.28 177.8 160.77
umbrella 199.47 72.23 209.99 195.62
umbrella 548.61 117.03 592.21 214.31
umbrella 123.57 62.93 135.95 190.8
umbrella 153.46 63.42 166.92 161.43
umbrella 259.61 74.87 273.21 171.72