chair 32.9 157.13 69.46 209.15
chair 50 97.35 137.5 195.35
sofa 146.81 98.04 414.34 195.79
book 279.01 60.06 318.86 69.88
book 302.26 76.18 305.39 84.76
diningtable 394.41 97.57 433.51 139.61
book 283.68 87.51 285.83 94.52
book 276.88 70.52 283.88 83.07
book 305.02 77.03 308.69 84.81
book 298.43 76.23 301.62 84.2
book 296.91 76.72 298.9 84.44
book 284.02 75.63 297.47 84.34
book 315.56 75.92 318.11 85.19
book 282.32 87.42 285.71 94.6
book 310.03 76.21 313.65 84.44
tvmonitor 29.04 0.42 47.52 138.53