bottle 400.98 250.74 420.96 292.93
bottle 262.36 259.69 299.47 375.57
bottle 251.62 248.03 269.69 301.17
chair 352.36 414.51 536.52 480.0
diningtable 81.32 229.4 561.32 472.22
person 452.32 175.87 501.97 251.42
person 298.99 114.87 423.45 250.65
person 203.93 181.14 296.88 285.19
umbrella 294.46 46.52 543.22 156.63
umbrella 134.04 148.18 344.37 264.83
umbrella 501.57 101.47 640.0 193.15
chair 286.93 140.47 326.4 166.91
cup 396.04 229.73 414.76 249.87
cup 308.87 331.14 332.78 375.65
fork 194.44 390.51 213.06 439.97
fork 481.99 298.97 489.51 327.61
fork 383.82 350.02 457.21 372.91
knife 232.99 384.75 238.38 426.82
knife 471.5 294.41 482.89 330.8
knife 193.36 313.95 236.78 335.86
spoon 322.62 239.73 350.75 261.71
spoon 338.88 284.9 364.83 303.33
spoon 482.25 300 490.05 327.72
spoon 239.6 285.95 247.81 313.35
bowl 283.58 317.25 332.46 354.53
bowl 357.08 288.27 440.26 333.19
bowl 262.34 275.78 354.95 322.09
bowl 379.7 248.27 435.9 288.73
cup 277.45 345.49 304.76 392.06
cup 197.67 313.22 222.29 354.69
cup 312.67 261.39 330.77 277.49
cup 423.61 268.38 438.36 298.74
knife 343.39 238.99 374.1 248.14
chair 496.1 224.58 507.34 251.56
person 486.56 257.95 640.0 463.12
knife 230.21 378.69 245.42 425.64
bottle 444.72 263.92 471.57 330.88
cup 380.42 231.89 395.34 251.54
bowl 330 246.49 372.48 278.86
person 0 44.32 184.77 480.0