car 612.57 156.58 639.66 206.18
person 74.56 110.83 179.63 489.29
person 416.87 131.4 527.44 458.76
person 567.42 113.78 628.7 379.03
banana 285.76 335.2 326.18 379.06
banana 326.37 339.51 361.29 373.09
banana 311.08 340.95 342.48 374.86
banana 338.4 333.56 366.09 359.0
banana 339.83 318.63 361.26 349.68
banana 320.25 317.04 339.11 340.21
banana 279.46 314.03 346.95 347.77
apple 276.21 298.04 289.89 312.71
apple 351.51 327.26 394.62 351.51
apple 260.66 284.26 271.75 293.11
apple 220.99 254.4 324.1 319.62
apple 196.85 252.7 208.35 264.6
person 626.51 155.32 640.0 268.41
person 437.37 152.19 455.57 193.13
person 556.67 155.17 577.2 200.59
apple 57.86 204.09 65.57 211.96
apple 75.58 168.87 92.05 185.62
apple 141.66 199.69 195.71 246.45