person 572.75 117.15 640.0 337.47
person 470.18 110.35 594.92 365.59
person 174.64 172.72 250.44 331.04
person 280.63 83.87 360.92 371.89
person 380.8 124.71 463.52 305.88
person 457.96 157.48 507.79 270.74
car 175.55 153.31 274.72 271.24
car 366 167.13 389.52 283.4
bench 459.43 265.36 502.1 276.26
baseball-glove 333.96 142.23 360.67 192.61
baseball-bat 346.8 267.64 398.96 318.83
person 27.89 110.12 137.52 377.47
person 332.78 128.79 380.61 318.77
chair 0 211.37 31.75 320.01
car 0 158.47 39.75 189.78
chair 137.63 246.52 152.63 261.63
