chair 109.33 224.85 197.97 357.81
chair 4.72 245.32 118.98 404.88
boat 490.4 38.52 628.92 116.61
boat 288.18 81.31 448.74 154.38
person 257.46 251.51 378.24 423.14
person 186.53 189.77 258.58 318.29
person 497.11 172.91 576.36 260.39
person 492.67 239.81 610.29 410.84
person 246.19 121.72 279.34 215.18
person 68.63 106.92 95.61 208.64
chair 603.19 208.37 625.77 321.63
person 53.28 116.2 80.49 209.16
chair 157.68 210.21 231.06 324.57
chair 560.78 224.75 637.84 296.16
chair 571.21 324.97 640.0 414.38