car 430.09 328.52 466.45 350.01
car 389.24 327.63 417.52 348.49
traffic-light 149.39 259.08 160.51 277.62
handbag 408.53 344.6 441.09 413.74
person 400.19 324.91 446.65 462.42
person 568.93 327.47 638.32 479.96
person 103.83 317.24 120.59 342.99
person 134.77 319.38 188.91 401.69
person 165.57 317.4 175.6 330.71
person 187.55 313.72 196.39 332.25
person 290.93 315.8 298.89 339.93
person 211.02 314.01 219.38 333.58
person 195.95 313.19 209.85 337.32
person 69.59 304.34 75.01 321.05
person 59.9 303.58 66.47 323.72
bicycle 124.13 360.73 199.99 418.75
person 33.26 308.11 54.04 339.29
handbag 572.42 354.75 586.81 398.72
person 80.76 303.22 88.12 323.26
person 0 252 631 359
