bottle 59.13 189.49 71.83 219.98
bowl 261.42 414.75 281.41 426.87
oven 29.75 429.16 101.02 479.93
oven 317.47 406.8 388.39 479.25
bottle 607.55 156.43 624.89 210.59
bottle 128.22 279.75 146.93 310.35
bottle 524.11 321.4 534.7 334.23
pottedplant 348.72 388.45 380.18 423.94
pottedplant 313.18 387.44 350.85 424.04
pottedplant 280.11 354.05 304.83 383.68
pottedplant 303.09 357.35 332.14 384.08
book 595.61 292.63 638.73 359.87
pottedplant 360.04 368.72 369.03 378.56
pottedplant 368.87 365.16 382.31 381.35
pottedplant 384.37 367.19 396.57 378.39
pottedplant 395.41 367.84 411.84 377.66
pottedplant 257.28 357.45 281.14 384.38
book 609.6 307.2 622.28 362.97
book 629.5 314.78 640.0 369.49
book 625.44 303.19 639.73 370.79
bottle 97.33 234.82 110.17 252.79
oven 0 398.23 98.47 479.66