chair 76.11 105.3 241.6 278.31
person 80.51 0.41 208.47 205.94
person 0 1.69 96.61 335.98
donut 246.54 295.41 273.26 312.66
donut 430.88 358.78 451.43 374.03
donut 472.87 404.39 493.91 420.67
donut 442.58 403.1 464.17 421.72
donut 397.08 399.11 414.77 407.98
donut 119.01 333.91 153.83 352.91
donut 345.03 387.87 365.75 402.21
donut 351.85 394.75 371.96 412.9
donut 335.33 401.9 352.78 412.82
donut 357.46 414.51 372.37 425.03
donut 372.13 373.74 392.78 386.78
donut 376.22 395.95 397.38 410.0
bowl 537.46 193.49 615.89 279.32
donut 405.15 403.22 424.1 414.6
donut 283 349 515 427