bicycle 40 311.03 408.28 571.72
motorbike 57.85 243.61 411.44 464.76
person 349.51 189.48 385.19 283.38
person 285.08 192.33 304.49 289.39
person 217.68 197.03 236.27 252.36
person 9.24 193.17 34.02 277.42
person 314.94 194.28 340.48 287.75
person 162.61 202.45 181.49 238.22
person 134.25 200.51 141.38 228.69
motorbike 17 224.07 168.41 384.39
person 205.04 196.06 220.58 248.46
person 0 194.82 14.92 284.6
motorbike 15.27 218 182.36 350.73
motorbike 18.95 265.31 42.15 309.52
person 139.07 199.89 147.76 230.71
motorbike 28.01 212.7 49.08 257.23
motorbike 32.83 239.25 53.83 264.56