diningtable 32.94 227.28 458.78 457.0
person 160.21 42.17 319.39 303.02
person 366.42 49.41 607.27 457.0
person 548.74 74.32 601.46 212.61
person 350.16 92.85 358.2 139.96
knife 328.28 285.3 397.45 314.94
knife 235.92 212.82 319.51 226.23
cake 136.34 371.4 172.44 413.09
chair 129.31 261.45 223.58 319.47
chair 214.88 240.87 263.83 288.58
chair 328.99 203.4 392.1 247.93
chair 547.92 149.18 582.21 215.12
chair 576.29 245.68 596.6 275.58
chair 421.18 168.92 444.43 231.95
chair 336.93 137.35 347.84 156.81
chair 407.05 137.79 423.4 191.11
cake 240.44 285.45 339.2 339.99
cake 254.25 365.08 316.53 402.65
cake 336.01 343.85 365.92 383.87
cake 373.23 233.15 385.41 249.05
cake 391.71 224.34 415.9 237.37
cake 75.97 337.11 116.33 363.23
cake 347.57 247.72 368.35 256.66
chair 417.63 368.49 560.18 457.0
chair 292.01 155.14 327.62 219.24
chair 320.46 131.9 347.21 176.11
person 314.2 86.68 340.97 122.64
person 295.24 128.89 331.22 215.76
person 305.21 115.39 340.44 155.12
person 192.32 76.46 219.01 103.98
person 191.27 70.29 203.87 100.2
chair 408.75 131.74 430.42 164.45
chair 325.64 146.08 358.46 205.42
chair 329 202 364 221