person 140.04 74.59 333.03 602.26
person 309.1 242.62 376.7 356.15
person 375.3 231.85 442.28 353.3
person 415.7 185.78 467.89 273.58
person 342.96 162.79 394.36 261.95
person 376.08 137.39 410.16 194.9
tennis-racket 142.02 84.29 202.75 231.36
person 268.78 247.6 314.16 359.86
person 351.73 204.46 402.46 279.58
person 277.25 179.52 338.6 247.76
person 331.08 102.32 388.32 177.47
handbag 312.68 328.33 352.51 341.83
person 449.93 152.74 480.0 252.25
person 396.34 114.91 423.29 163.89
person 287.27 215.03 326.11 288.06
person 214 0 479 360
