cup 473.99 139.04 541.37 199.69
laptop 133.38 34.54 546.94 395.33
mouse 560.97 233.18 639.37 291.98
book 362.71 0.96 414.53 54.69
book 289.14 0 317.46 46.53
book 397.03 0.64 453.6 101.86
book 299.38 1.92 341.6 48.94
book 330.84 0.84 392.36 53.01
book 393.91 0 441.59 91.11
book 272.68 0.12 308.67 45.32
book 258.19 0.31 281.06 43.01
book 251.05 0 273.72 42.92
cup 466.37 124.85 502.18 172.85
keyboard 164.08 202.44 467.57 284.69
book 387.14 9.98 422.5 62.64
book 242.23 0 263.8 40.86
keyboard 410.57 163.56 492.11 198.6
book 267.57 0 290.79 43.71
book 325.72 1.48 355.66 48.62