bicycle 110.23 313.88 118.83 333.78
person 118.57 277.44 143.16 350.99
person 143.85 268.35 176.65 350.36
person 184.74 289.09 194.25 319.11
person 595.06 278.03 617.21 335.46
person 475.63 266.71 489.2 301.87
person 454.44 263.55 462.63 291.73
handbag 609.68 299.25 619.26 318.91
handbag 561.09 293.26 567.03 303.29
person 562.15 273.26 586.91 318.43
person 107.16 295.93 121.98 331.59
person 531.85 277.07 560.27 316.81
person 446.89 269.78 451.21 285.68
bus 137.26 225.8 309.78 284.57
handbag 542.48 288.98 558.96 316.92