person 358.11 223.28 448.72 423.91
person 232.43 173.51 273.51 295.68
person 277.9 229.78 332.49 332.33
person 317.57 171.32 391.88 327.61
person 273.54 183.08 293.46 244.44
person 165.78 182.84 198.28 245.69
person 104.51 170.85 124.54 247.26
person 153.27 179.17 170.22 241.78
person 489.49 188.29 515.67 253.16
person 448.72 157.3 495.1 289.98
snowboard 325.73 138.83 351.17 174.22
snowboard 243.29 242.37 250.93 288.07
snowboard 419.53 180.17 438.41 260.79
snowboard 197.3 178.2 227.96 290.95
skis 435.15 173.44 479.48 284.65
snowboard 436.14 173.83 482.0 286.06
person 129.37 177.52 152.22 247.81
skis 558.26 173.64 611.64 210.25
skis 601.72 185.66 611.21 227.49
skis 163.27 188.77 174.38 234.12
skis 203.21 206.04 227.31 289.34
skis 145.19 217.44 152.85 246.56
skis 491.13 231.03 500.94 252.93
skis 119.18 214.08 133.28 236.4
skis 442.8 205.5 473.33 222.15
skis 326.25 139.94 384.63 230.76
person 1 164 639 270