horse 578.02 178.06 608.28 274.27
horse 91.93 203.95 146.01 347.64
horse 461.54 186.51 507.44 289.63
horse 394.67 181.32 462.14 337.54
horse 337.8 206.06 380.93 337.58
horse 173.82 202.4 231.76 355.36
horse 155.51 192.26 188.85 338.67
horse 272 178.99 325.47 347.88
horse 512.63 192.83 553.76 278.43
truck 35.53 159.36 183.82 236.48
truck 186.57 145.15 273.15 194.93
person 86.47 162.37 157.6 280.34
person 15.57 204.75 35.35 268.33
person 0.36 204.54 13.01 268.13
person 163.91 159.88 199.88 204.27
person 254.85 171.89 279.22 219.78
person 233.31 173.14 268.34 263.13
person 269.57 152.97 340.78 266.42
person 469.76 149.63 517.77 241.76
person 387.58 146.87 472.09 270.7
person 200.46 160.12 252.72 300.34
horse 554.49 182.08 577.49 236.45
person 338.5 150.73 391.04 221.47
person 576.44 141.28 615.24 220.04
person 519.95 160.45 564.62 237.86
horse 263.3 205.77 275.02 227.53
horse 605 184 620 220
person 272 142 639 319