boat 42.71 213.2 562.24 352.42
person 283.62 204.8 359.84 277.84
person 169.14 178.84 214.99 252.82
person 401.71 191.87 440.28 228.24
person 324.5 197.19 370.55 263.74
person 437.58 187.99 471.75 223.53
person 78.22 175.89 106.6 230.72
person 105.38 161.91 153.09 242.89
umbrella 25.8 130.88 100.4 180.01
umbrella 48.68 128.71 138.01 174.25
umbrella 105.38 112.19 222.8 197.07
umbrella 168.75 121.1 246.44 170.8
umbrella 228.65 127.11 346.31 172.63
umbrella 185.22 172.65 269.07 199.24
umbrella 256.21 166.24 356.79 222.18
umbrella 315.46 144.16 416.31 195.42
umbrella 340.81 108.38 451.32 147.58
umbrella 188.17 120.92 250.06 140.37
umbrella 433.92 150.71 513.25 223.61
umbrella 240.85 115.95 308.02 146.65
person 254.39 205.34 305.46 270.64
person 219.11 197.91 265.51 264.6
person 201.22 200.14 242.55 258.28
person 141 180.78 179.46 244.57
person 421.79 185.74 444.39 215.23
person 103.74 164.12 127.62 199.77
umbrella 342.4 125.83 447.18 163.1
person 51 153 412 250