bicycle 45.29 262.82 228.61 331.84
motorbike 139.71 265.98 267.4 332.08
motorbike 216.26 220.98 312.12 308.39
motorbike 269.15 232.03 329.9 280.35
motorbike 191.92 203.8 202.55 220.45
person 361.97 205.98 413.98 331.21
bicycle 206.59 261.66 255.8 283.71
person 0 187.6 17.51 250.06
person 304.28 216.73 315.41 236.27
person 281.1 209.27 289.76 231.21
person 253.06 206.19 265.99 235.03
person 242.6 206.92 253.55 232.86
backpack 399.22 236.78 416.88 279.29
person 365.22 214.79 379.31 234.82
person 327.31 213.24 338.11 250.43
person 155.43 192.83 162.57 216.81
person 183.48 196.63 195.72 220.03
person 334.38 224.37 345.44 244.73
person 293.97 209.9 301.55 232.65
person 346.65 206.1 365.61 279.62
person 63 191 349 247