person 340.9 103.33 450.42 215.18
person 403.77 290.29 408.65 311.1
surfboard 235.18 350.29 243.71 356.28
surfboard 399.17 202.17 466.34 214.65
person 210.02 305.41 224.79 330.44
kite 310.8 162.87 331.13 195.14
kite 526.39 104.7 567.28 147.18
kite 85.17 159.38 97.26 182.32
kite 43.9 0 74.97 23.42
kite 146.15 75.89 168.18 103.72
person 235.35 286.74 242.04 296.43
person 246.13 287.43 252.58 295.66
person 266.53 287.92 272.03 297.59
person 420.11 304.25 438.1 326.8
person 454.1 299.52 464.87 327.1
person 479.69 286.36 486.02 299.02
person 209.18 322.29 235.03 349.32
person 311.5 289.51 318.25 305.86
person 184.14 295.68 189.52 313.57
person 255.95 290.36 261.13 297.54