sports-ball 359.83 115.97 375.76 133.19
person 465.51 210.08 532.83 353.37
person 435.97 125.49 505.71 275.91
person 420.23 183.04 469.05 356.25
person 585.75 229.45 598.82 267.5
person 270.65 117.86 324.31 259.58
person 241.12 183.39 286.39 353.5
person 47.02 220.94 83.48 359.11
person 336.8 208.22 391.5 356.95
person 617.57 247.07 640.0 316.4
person 282.44 206.73 329.85 355.87
person 269.79 124.15 296.22 184.99
person 0.06 242.31 9.15 286.16
person 152.71 217.01 211.55 356.96
person 75 111 591 372
