car 382.92 161.85 566.58 239.9
car 609.07 162.6 639.71 221.1
car 18.53 192.34 51.02 253.94
bus 91.16 47.98 403.22 343.48
person 483.91 147.54 496.63 163.1
person 439.7 154.22 446.03 164.34
person 423.56 155.09 432.9 166.88
person 457.94 150.31 465.83 162.58
traffic-light 355.27 10.82 384.01 89.57
traffic-light 549.48 1.03 580.3 42.71
person 406.16 158.54 414.77 169.49
person 465.38 155.23 471.4 162.45
person 456.05 152.98 461.21 161.91
car 0 213.54 24.08 268.05
car 5.22 203 24.51 237.45
car 49.07 198.63 110.57 260.46
car 41.38 188.06 59.93 246.42
car 0.34 193.43 29.71 214.53
traffic-light 406.12 93.34 414.46 129.7
traffic-light 8.55 145.46 15.76 171.29
person 543.49 140.77 560.28 181.23
person 534.97 146.37 548.0 177.15
traffic-light 439.51 100.06 447.87 119.98
