person 87.17 65.1 322.18 312.25
cup 389.33 362.27 427.04 412.02
cup 434.57 318.65 527.29 404.96
fork 411.63 417.01 518.89 491.0
knife 517.82 413.93 639.24 437.56
cup 406.78 262.17 446.0 323.33
cup 560.36 287.14 612.82 360.74
cup 511.45 340.42 558.42 395.58
cup 113.92 278.78 182.81 332.94
cup 84.59 309.39 121.35 341.71
cup 613.18 294.95 640.0 356.38
spoon 246.53 194.14 301.13 213.15
bowl 525.62 298.99 561.16 341.43
diningtable 0 292.39 640 491.0
cup 235.5 293.28 283.02 350.9
cup 525.65 297.68 562.14 342.87
cup 404.09 327.94 442.69 379.68
spoon 545.16 333.9 618.42 356.26
spoon 337.81 297.32 385.55 318.97
fork 302.1 347.46 377.7 372.14