clock 142.61 250.13 163.08 271.34
clock 109.04 257.24 115.38 276.26
car 47.42 528.18 185.15 613.14
car 154.63 500.11 251.49 562.62
car 287.49 513.95 463.0 628.08
car 0 520.48 61.6 576.81
car 53.2 515.53 108.96 550.22
person 290.51 503.82 302.02 540.12
person 248.49 505.39 256.91 527.85
car 122.48 512.5 164.56 531.51
car 297.25 510.75 352.91 532.48
car 431.68 499.49 463.0 514.0
car 102.61 509.89 137.49 529.23
car 142.58 504.77 157.83 512.86
car 75.12 511.05 98.11 516.49
person 248.59 492.11 252.26 505.36