tie 351.62 198.1 382.57 381.33
chair 478.36 415.03 605.59 546.0
chair 267.87 486.95 408.23 545.97
chair 594.52 295.38 630.3 322.62
person 24.59 99.61 325.88 544.77
person 309.69 99.75 458.36 546.0
person 435.57 109.2 602.44 543.55
bottle 50.12 149.62 58.97 178.76
bottle 5.23 145.52 17.05 177.74
bottle 0 140.83 8.23 178.74
wine-glass 618.21 262.52 628.55 284.28
cup 618.34 307.84 634.26 344.22
chair 586.82 262.7 599.7 298.86
diningtable 597.86 318.63 639.79 377.47
person 1.22 200.91 22.04 345.37
bottle 26.69 146.3 39.68 178.62
bottle 16.68 144.97 26.85 177.69
bottle 38.64 151.08 48.32 178.94
chair 0 492.17 71.31 546.0
diningtable 0 376.85 59.97 437.97
person 185.3 135.79 333.82 536.1
