boat 11.28 190.88 640.0 305.37
person 161.33 130.95 212.98 241.28
person 271.89 186.93 327.13 276.55
person 342.64 195.95 402.32 279.37
person 417.03 191.5 484.17 289.63
person 552.08 197.58 612.91 291.8
person 481.52 199.21 549.05 281.3
person 517.11 192.59 556.14 261.36
person 310.03 182.26 346.07 256.13
person 380.93 196.18 429.65 258.02
person 453.45 191.97 489.75 253.66
person 336.93 60.44 348.36 82.13
car 189.39 57.46 235.41 72.53
car 234.66 60.49 255.74 71.35
car 67.06 53.57 99.86 69.74
truck 122.87 45.83 172.43 70.17