person 207.32 234.94 216.01 254.76
person 510.76 318.26 552.98 425.76
person 402.49 290.27 426.19 370.18
person 383.32 290.26 396.58 323.98
person 334.88 284.8 355.96 308.22
person 272.74 274.66 285.17 305.44
person 607.39 307.19 640.0 354.05
person 374.66 322.67 389.41 371.19
person 355.54 290.68 385.15 356.66
person 115.84 207.23 118.93 214.32
skis 208.2 254.04 213.81 255.32
skis 426.58 378.58 464.82 400.85
person 330.61 304.58 353.8 353.82
person 478.32 313.75 508.89 405.8
person 470.93 310.89 486.59 383.89
person 107 203 572 394