sofa 321.44 226.56 378.32 261.03
bed 22.12 293.05 302.0 421.94
book 551.44 252.93 557.59 271.22
book 545.77 279.85 554.79 303.9
book 523.26 218.21 528.2 238.93
book 559.4 253.69 565.65 272.46
book 595.09 290.79 605.23 310.41
book 585.62 251.92 597.3 275.86
book 522.16 245.96 527.41 268.05
book 578.36 291.41 584.41 307.47
book 614.92 291.44 625.75 313.7
book 598.24 252.73 609.89 275.21
book 538.65 218.98 547.15 240.93
book 550.04 218.19 562.96 241.62
book 622.02 220.77 639.18 243.75
book 570.52 289.68 579.0 307.62
backpack 301.72 263.69 327.35 294.03
suitcase 332.32 263.41 368.71 295.15
book 526.45 246.48 553.58 271.39
clock 577.6 217.85 609.84 238.97
book 389 177 639 317