pottedplant 290.13 9.4 381.7 57.59
pottedplant 450.61 13.2 514.89 70.58
bottle 177.3 213.8 205.25 286.63
bottle 129.48 199.97 157.12 255.25
refrigerator 466.38 99.54 541.44 397.47
knife 162.58 170.85 166.55 184.16
knife 166.78 169.46 174.41 185.14
knife 171.28 174.85 177.46 191.21
knife 182.78 176.45 189.66 191.12
oven 284.03 171.47 403.01 348.98
sink 153.78 230.05 213.86 247.96
knife 169.76 172.29 177.47 186.09
knife 179.59 188.28 188.53 202.81
bowl 173.43 210.74 190.21 223.36
bottle 117.64 198.46 126.25 221.37
wine-glass 25.38 224.79 54.16 303.21
wine-glass 101.72 222.89 123.92 261.03
wine-glass 80.23 220.03 104.8 265.38
knife 176.99 168.51 179.35 173.5
knife 179.14 178.59 181.52 190.12
knife 180.27 175.98 184.39 189.37
knife 173.61 175.61 179.87 191.43
bottle 464.99 191.22 476.85 202.07
cup 501.05 80.12 518.67 104.18
