bottle 296.72 282.68 316.03 359.19
bottle 46.69 279.81 78.28 352.91
bottle 142.7 245.38 156.89 285.2
bottle 317.31 323.44 330.6 364.82
bottle 80.65 195.5 96.96 238.42
bottle 525.7 312.88 556.89 342.09
chair 507.99 363.63 638.62 474.56
chair 198.01 407.17 351.45 474.56
diningtable 0 328.73 395.29 415.7
person 338.84 153.83 401.5 333.38
person 245.24 175.63 362.46 339.34
person 474.61 240.54 638.56 471.37
person 138.18 169.88 219.47 347.07
person 338.58 212.67 532.85 478.48
refrigerator 448.72 159.46 587.87 353.62
cup 246.71 330.69 266.23 359.81
cup 204.81 322.66 231.6 353.36
bottle 233.95 239.76 243.43 271.6
wine-glass 436.94 123.3 447.57 151.35
wine-glass 419.32 123.32 433.62 151.6
cup 328.07 329.57 355.61 384.2
bowl 128.87 209.8 155.76 225.78
bowl 188.81 351.36 220.48 372.19
microwave 51.82 236.67 136.33 290.66
oven 14.11 257.23 159.82 344.96
sink 220.05 269.31 252.41 278.73
person 517.6 324.62 603.44 382.27
wine-glass 410.11 123.45 420.58 151.42
wine-glass 397.29 124.16 408.37 150.02
cup 407.73 162.16 417.22 183.72
cup 396.03 162.03 407.91 183.67
cup 416.19 161.41 431.16 187.59
cup 397.12 90.64 409.19 114.0
bottle 223.01 245.22 233.88 270.26
wine-glass 434.69 162.15 449.34 184.4
