person 293.16 121.59 363.07 272.68
person 28.22 125.88 56.16 171.5
frisbee 275.42 141.61 302.54 158.56
chair 168.43 175.52 193.91 211.0
chair 194.31 175.02 221.12 210.4
chair 222.36 175.47 251.76 208.67
chair 133.44 175.35 162.01 210.31
chair 108.04 174.67 136.73 212.18
chair 53.49 175.12 82.51 210.38
chair 164.47 166.11 187.68 203.72
chair 248.27 171.38 265.53 208.18
chair 194.26 167.75 215.73 173.85
chair 81.28 174.61 107.67 211.97
chair 28.9 169.25 54.84 212.05
chair 227.21 169.18 249.56 178.86
diningtable 94.92 171.5 231.17 176.84
person 8.12 127.65 45.1 223.7
person 69.63 134.67 97.29 174.85
chair 134.3 169.76 153.7 173.56
chair 105 170 128 179