pottedplant 513.2 84.47 603.96 155.06
pottedplant 328.17 0.96 566.13 187.11
pottedplant 326.2 123.56 381.83 186.68
pottedplant 448.77 175.76 513.22 298.76
chair 362.44 235.86 406.71 421.24
chair 46.11 254.31 141.1 421.24
chair 180.68 223.58 210.58 263.46
diningtable 74.35 249.17 387.82 421.98
refrigerator 580.8 74.6 640.0 421.36
bottle 221.64 87.5 239.09 114.41
bowl 477.93 287.33 535.74 323.84
bowl 533.97 288.44 592.37 318.93
vase 212.54 241.87 248.12 302.46
orange 491.32 298.4 507.31 308.21
orange 508.3 298.72 525.56 309.99
pottedplant 183 160.82 275.05 300.56
bowl 242.88 250.95 287.67 270.64
orange 554.66 299.98 569.19 306.41
orange 566.52 296.57 580.99 306.16