bird 411.39 206.61 469.24 293.85
bird 106.98 190.27 198.41 239.65
person 476.1 14.7 481.02 27.42
person 480.68 15.28 487.35 27.89
boat 321.16 51.3 420.36 86.77
boat 176.95 37.99 234.66 60.11
boat 404 53.62 494.5 89.42
boat 610.05 74.26 640.0 102.34
boat 275.45 46.91 326.55 69.0
boat 119.67 44.11 193.52 74.42
boat 51.09 46.24 122.18 76.55
boat 16.92 53.41 68.45 78.76
boat 245.73 44.41 288.73 61.0
boat 468.37 48.48 517.49 63.86
bird 279.11 232.65 327.11 273.4
bird 239.89 129.54 269.63 169.84
bird 221.4 117.79 251.21 140.93
bird 223.93 102.25 257.02 123.47
bird 276.02 133.61 320.32 147.77
bird 360.64 168.45 397.86 214.66
bird 560.46 188.38 580.19 202.68
bird 230.22 194.96 264.61 228.4
bird 456.2 155.99 520.64 191.01
bird 365.2 144.78 397.05 178.16
boat 288.55 24.25 334.26 56.26
bird 328.22 131.2 380.16 161.95
bird 252 105 547 177