tie 352.31 179.5 378.99 236.97
bottle 197.03 271.48 233.81 380.41
person 278.47 25.1 471.83 264.31
person 0 89.98 81.3 265.58
person 101.4 29.55 292.38 231.51
fork 126.63 329.25 174.64 361.06
chair 470.99 163.17 500.75 244.2
diningtable 0 207.56 536.14 427.0
diningtable 227.2 58.84 349.11 147.55
diningtable 0 49.25 46.16 95.13
person 493.82 115.13 640.0 333.2
cup 330.22 269.06 355.07 296.94
cup 145.67 230.85 167.38 258.29
cup 194.07 219.71 216.04 246.47
cup 438.06 329.76 466.82 371.8
cup 5.24 280.92 34.77 314.17
cup 35.17 265.73 64.12 300.39
cup 379.97 332.77 411.1 374.07
cup 458.16 243.63 502.7 305.77
cup 167.8 230.69 190.44 258.56
cup 148.54 200.19 170.52 226.95
cup 4.99 262.74 32.68 283.85
cup 401.16 315.69 430.29 352.1
bowl 231.59 68.9 255.02 87.06
bowl 278.63 85.21 307.05 98.11
chair 75.73 1.16 165.05 153.3
chair 482.04 87.09 555.95 248.81
person 1.05 0 105.81 89.61
cup 368.4 356.33 417.3 426.67
person 429.22 310.24 640.0 373.63
cup 10 10 562 426