person 187.91 87.94 397.54 382.06
person 449.83 179.13 469.43 205.27
person 550.74 188.05 573.56 232.34
bicycle 589.05 212.79 603.8 234.35
person 621.17 194.31 640.0 233.34
person 433.5 163.97 479.88 253.37
person 593.04 187.78 625.32 231.61
backpack 103.63 237.01 211.1 367.51
person 509.84 186.76 521.04 205.89
person 519.73 187.35 526.64 204.54
person 574.85 196.5 583.03 207.23
person 530.23 194.95 544.86 207.43
bicycle 64.5 199 384.5 427
bicycle 429.43 222.57 480.39 260.86
bicycle 549.42 205.98 567.28 237.16
bicycle 598.96 210.09 618.19 244.35
person 591.2 192.15 606.1 209.83
person 582.66 198.13 587.91 206.96
bicycle 626.04 211.83 640.0 236.3