pottedplant 269.55 180.58 298.97 243.18
pottedplant 207.18 171.48 245.72 245.62
pottedplant 166.18 185.54 187.04 243.56
pottedplant 235.88 198.4 274.53 244.24
cat 179.73 423.32 270.92 516.01
bottle 323.54 572.77 350.88 640.0
bottle 306.92 191.31 324.82 243.61
refrigerator 4.3 38.74 109.06 629.96
oven 113.36 288.72 149.52 320.63
bottle 261.1 205.55 276.9 243.41
spoon 137.15 190.48 151.55 248.08
banana 298.42 153.5 341.28 177.31
banana 308.93 103.9 338.86 132.86
sink 380.34 286.67 401.88 303.96
chair 103.43 311.86 191.24 567.05
oven 339.12 289.52 401.24 556.61