cell-phone 325.09 165.89 375.04 190.58
person 291.31 133.61 433.77 375.0
person 361.2 161.03 493.71 375.0
person 3.37 124.72 146.63 369.1
person 199.06 211.66 233.15 374.69
person 257.82 223.3 289.11 264.05
person 134.39 246.47 150.69 293.19
handbag 214.29 207.48 358.84 370.75
person 239.7 245.71 258.13 286.96
person 103.03 247.81 122.74 294.02
cell-phone 402.42 252.3 416.99 268.11
handbag 392.82 283.95 455.58 349.03
person 79.31 227.14 112.86 348.51
car 150.7 252.19 158.96 277.13
person 229.76 245.46 241.79 296.64
cell-phone 90.04 136.27 102.47 148.47
