person 241.62 203.87 358.11 472.45
person 236.47 216.29 255.9 281.97
person 389.92 224.59 432.65 292.67
person 133.9 231.42 159.22 275.4
person 358.39 225.66 377.94 282.51
person 221.78 233.13 239.31 276.96
person 252.57 219.36 269.3 272.02
person 372.96 232.37 392.28 279.01
person 89.66 238.17 112.22 283.49
person 0.54 222.89 5.87 272.25
skis 396.39 289.72 439.44 293.53
skis 89.58 280.85 109.51 282.81
skis 364.88 277.41 375.91 282.45
skis 0 283.24 56.24 287.44
person 25.43 217.98 45.48 285.29
snowboard 5.74 282.32 57.94 288.46
person 66.69 222.12 94.87 278.93
person 3.66 213.32 33.13 298.84
skis 389.65 284.77 402.52 289.58