tennis-racket 96.47 145 158.25 209.47
person 153.55 109.34 288.59 346.27
person 311.77 130.34 354.74 172.52
person 350.71 124.16 391.46 171.8
person 397.56 119.61 436.21 172.77
person 531.9 110.31 574.43 157.81
person 551.99 61.39 585.92 107.76
person 484.79 115.15 531.22 175.86
person 85.62 90.51 130.31 258.4
person 392.67 108.42 419.62 148.69
person 415.84 87.09 451.08 138.98
person 446.45 105.33 490.82 150.83
chair 247.92 113.92 282.91 141.92
chair 274.54 114.24 318.84 152.96
chair 336.3 66.59 364.91 98.91
chair 158.87 66.3 184.19 87.62
chair 201.13 89.45 214.61 107.25
chair 132.34 88.35 146.18 108.66
chair 236.63 44.56 242.91 60.25
chair 522.27 43.64 552.35 64.15
person 520.48 70.12 549.28 122.16
chair 197.72 65.73 216.8 83.39
chair 537.64 20.11 559.24 44.32
person 164.41 76.1 213.76 159.8
person 0 0 639 269
