bicycle 16.4 255.15 84.87 396.67
motorbike 533.62 184.35 640.0 342.35
train 105.46 91.06 460.09 387.41
backpack 90.62 231.02 109.32 256.31
handbag 467.22 222.5 490.61 249.18
handbag 424.65 198.63 442.71 232.47
person 578.72 155.89 613.98 203.64
person 464.3 168.99 495.42 296.29
person 136.71 199.04 211.01 349.17
person 78.82 191.37 128.24 321.2
person 52.94 202.51 80.87 252.32
person 9.73 190.33 89.7 338.39
person 0.35 214 19.38 349.67
person 494.18 180.02 532.73 287.33
person 129.6 224.69 141.3 256.09
suitcase 204.66 283.06 221.84 317.24
person 428.93 175.17 457.73 245.07
person 383 172.89 426.59 240.3
bicycle 67.04 290.54 80.39 303.88
person 442.58 178.61 456.5 209.34
handbag 435.71 215.73 459.03 229.19
handbag 494.02 231.77 512.17 245.08
person 616.2 158.93 640.0 239.43
person 124 174 476 287