book 333.2 150.97 346.14 233.81
book 412.58 167.73 453.06 235.21
book 310.23 154.13 326.11 234.83
vase 441.13 187.01 475.16 237.7
vase 465.29 185.07 480.76 225.56
oven 2.89 124.31 322.2 284.93
book 401.34 160.88 428.09 236.23
book 394.1 161.15 419.58 236.67
book 378.36 155.86 408.19 235.4
book 325.3 153.83 333.48 234.81
book 344.35 151.96 365.67 235.09
book 278.52 124.6 291.12 233.33
book 291.52 133.3 303.66 233.36
book 299.64 141.28 328.56 235.3
book 361.95 159.41 387.76 235.65
clock 0 141.2 15.92 156.7
book 297.6 284.97 309.69 374.37
book 270 167 447 392