horse 144.93 185.16 465.61 387.64
diningtable 340.14 177.42 639.72 290.0
diningtable 55.54 184.74 147.94 200.39
diningtable 405.93 175.14 477.38 184.32
diningtable 186.51 171.57 227.38 180.33
diningtable 190.75 183.75 252.58 190.64
person 151.06 149.12 190.77 181.79
person 186.54 147.78 209.64 171.41
person 213.93 145.28 246.99 179.2
person 262.89 140.59 282.37 176.76
person 465.18 145.36 495.42 176.62
person 413.85 144.42 446.08 183.06
person 276.11 146.35 301.03 172.77
person 288.23 143.83 312.18 182.28
umbrella 467.73 105.97 547.2 177.06
umbrella 621.38 118.11 640.0 137.29
chair 58.93 193.32 147.55 293.72
chair 523.33 195.53 602.62 293.68
chair 456.37 192.06 530.09 284.68
person 442.48 137.75 473.48 173.31
pottedplant 337.09 32.67 443.24 124.21
pottedplant 392.01 130.73 420.26 177.49
pottedplant 393.01 131.67 421.18 176.36
pottedplant 155.86 136.77 189.23 169.89
person 0.08 147.52 43.04 246.56
chair 370.14 178.21 417.98 187.2
chair 338.6 177.31 363.07 187.8
chair 259.3 177.49 300.63 199.0
chair 148.31 195.71 186.44 271.97
chair 229.89 177.5 261.48 203.76
chair 528.99 176.31 572.83 191.97
chair 563.35 175.71 607.36 191.65
chair 404.68 174.54 443.81 186.38
chair 479.86 178.37 518.05 187.58
chair 515.14 175.02 547.46 185.47
diningtable 280.27 168.9 294.94 179.04
diningtable 601.91 180.54 627.65 186.2
diningtable 475.09 176.35 558.63 182.72
chair 8 171 639 273