person 230.37 170.04 412.86 423.7
person 405.14 140.37 432.74 187.44
person 237.12 137.66 261.3 164.58
person 202.86 136.58 224.87 171.33
person 480.93 219.99 511.85 244.89
person 181.62 150.11 209.46 204.86
person 174.1 130.03 199.81 165.94
person 237.93 151.78 264.58 211.89
tennis-racket 150 199.66 248.49 249.97
person 118.74 142.06 148.89 195.49
person 153.81 277.13 205.83 311.24
person 426.16 151.18 460.64 210.21
person 427.16 36.58 448.66 66.97
person 559.46 50.66 585.89 87.0
person 55 146 590 378
