person 76.41 134.3 87.84 163.3
person 93.91 130.91 100.68 157.38
person 480.86 145.7 489.51 168.78
person 598.14 129.92 606.28 140.46
bicycle 272.94 175.36 299.71 196.04
bicycle 304.65 174.84 315.11 195.15
bicycle 314.23 179.28 322.37 193.64
bicycle 330.51 178.01 353.31 192.46
car 413.36 115.59 430.61 124.66
car 523.1 110.89 546.17 128.61
car 94.71 119.19 103.22 132.08
truck 11.74 109.16 71.23 134.09
boat 99.84 280.23 184.82 320.37
boat 49.04 281.8 120.48 323.18
boat 0.36 286.68 67.08 328.01
boat 375.09 237.1 445.89 266.59
boat 417.53 231.25 488.12 261.32
boat 533.22 225.24 567.03 243.24
boat 562.91 218.25 632.23 238.56
boat 596.94 214.53 640.0 234.86
bench 530.21 153.24 554.97 168.29
bicycle 312.74 177.01 327.46 193.92
boat 455.09 231.15 509.28 255.07
boat 486.96 224.82 528.47 252.4
boat 513.15 225 552.7 251.37
boat 1.05 304.7 14.76 327.89
person 582.53 138.51 591.1 162.3
person 568.43 137.92 575.63 160.79
car 445.71 117.08 454.31 122.84
boat 541.29 222.22 594.67 243.89
bicycle 564.8 144.05 580.27 159.59
boat 554 207 639 396