bicycle 313.39 249.93 324.45 303.03
bicycle 211.42 261.75 248.33 361.52
motorbike 347.33 245.97 469.74 451.96
person 0 139.06 76.57 384.93
person 72.65 202.86 119.69 367.01
person 123.24 188.65 163.24 332.43
truck 458.57 194 498.53 208.56
person 193.56 171.91 261.46 340.9
person 195.58 196.07 209.21 210.01
person 268.36 192.47 294.5 225.01
person 66.81 158.94 126.48 278.48
person 346.63 146.76 472.95 281.69
person 117.37 187.31 137.37 256.36
person 585.86 199.87 640.0 307.26
person 391.9 207.38 437.4 251.33
person 294.73 178.29 339.32 281.45
motorbike 272.13 217.88 290.97 255.37
person 283.85 195.28 328.95 291.26
handbag 35.74 315.29 81.94 450.3
person 150 179 549 342