dog 484.13 428.39 516.13 454.19
person 375.49 314.54 396.54 366.04
person 368.12 273.36 387.17 326.98
frisbee 368.11 289.81 376.23 301.6
kite 320.6 40.11 419.06 69.87
person 266.09 241.26 282.34 262.35
person 242.58 245.39 251.47 257.93
person 216.37 235.26 221.79 246.61
person 208.72 233.4 216.48 243.22
person 504.87 386.75 521.96 449.96
person 239.53 245.56 244.48 255.27
person 120.67 355.07 132.96 373.56
person 56.59 320.73 66.92 349.46
person 446.55 392.94 469.01 451.96
person 256.05 243.75 264.79 260.05