person 13.99 56.09 250.76 473.67
person 153.67 116.92 275.54 346.36
person 291.44 106.95 487.88 480.0
person 340.85 71.01 639.64 474.43
person 236.37 114.38 338.14 480.0
cell-phone 351.51 342.42 388.25 390.75
backpack 471 178.97 640 386.09
person 216.43 134.65 274.4 242.49
person 119.13 142.02 159.98 190.35
bus 0 0 640 355.56
handbag 168.86 271.6 245.14 479.33
person 579.31 146.28 614.92 191.19
person 552.49 139.56 580.96 187.46
person 396.52 156.56 425.57 196.48
person 607.64 148.01 640.0 197.06
person 415.65 171.84 467.97 210.78
