tennis-racket 125.88 379.35 200.75 427.0
person 1.06 17.75 103.84 418.26
person 160.93 95.29 400.78 427.0
bottle 246.61 386.83 267.62 426.65
bottle 229.5 384.45 248.09 427.0
person 209.29 0 284.97 63.06
person 327.89 11.42 378.45 71.29
person 496.89 0 601.25 76.21
person 380.84 0.96 510.67 76.94
person 110.37 0 212.19 401.14
person 280.43 0 351.53 66.55
person 565.18 0 640.0 79.64
person 247.27 0.08 279.13 43.99
tennis-racket 146.78 288.56 239.08 380.85
chair 204.93 192.08 360.28 404.27
chair 414.59 277.11 568.02 426.67
chair 473.88 20.43 515.18 74.82
chair 85.44 1.14 122.32 40.25
chair 0 1.47 80.25 49.12
chair 275.32 13.3 306.85 64.58
chair 369.56 18.11 394.54 36.84
