horse 71.91 69.53 365.17 274.25
horse 395.91 46.44 500.0 237.7
person 264.29 187.02 344.53 327.99
person 364.36 106.1 419.46 166.96
person 15.93 170.24 88.07 322.89
person 0 109.19 68.84 174.35
person 307.73 49.11 361.42 108.73
person 259.19 31.14 309.67 97.72
person 344.22 32.92 369.02 69.76
person 488.42 48.28 500.0 95.46
person 205.35 75.24 223.53 97.96
person 431.75 191.58 480.05 284.59
person 405.57 26.52 448.32 71.83
person 365.23 54.32 412.71 121.84
person 18.61 26.28 98.26 171.15
person 204 2 468 99