person 14.87 146.07 35.4 194.34
person 451.09 169.7 468.49 186.54
person 147.2 157.93 153.3 166.24
person 67.09 151.26 76.12 171.14
suitcase 254.01 201.48 278.11 226.26
suitcase 259.27 163.66 322.27 194.53
suitcase 206.97 173.68 235.62 191.3
suitcase 360.11 252.62 380.84 292.14
person 360.67 142.92 443.7 336.25
backpack 178.04 155.64 207.27 177.56
suitcase 107.2 194.08 163.22 243.64
suitcase 438.81 243.07 485.6 304.48
suitcase 456.9 195.06 500.0 252.36
suitcase 328.14 230.59 357.14 264.62
suitcase 245.82 153.39 296.02 183.22
tvmonitor 318.86 135.52 337.37 153.37
tvmonitor 294.95 137.17 314.68 153.31
tvmonitor 249.34 138.36 263.28 151.27
tvmonitor 225.29 138.35 238.61 150.73
tvmonitor 211.46 138.71 223.96 150.57
tvmonitor 191.95 139.47 203.16 149.56
tvmonitor 180.75 138.79 190.98 149.48
tvmonitor 164.25 139.44 172.9 149.68
tvmonitor 154.48 139.91 163.25 149.17
tvmonitor 267.21 136.93 281.24 150.96
person 91.64 138.66 135.78 259.49
suitcase 204.1 191.56 234.3 211.6
suitcase 116.17 208.93 189.92 257.39
suitcase 233.3 169.38 253.76 200.52
suitcase 242.02 150.68 270.76 173.12
suitcase 21 137 499 317