sports-ball 266.63 310.47 305.03 348.55
person 227.93 93.77 452.97 357.28
person 568.05 61.41 640.0 339.68
person 482.36 157.69 512.12 261.85
person 24.83 190.01 50.12 241.4
person 81.33 193.46 131.54 283.99
person 122.42 193.92 167.29 281.81
person 188.78 188.5 249.64 274.78
person 80.42 190.24 115.66 286.3
person 140.24 192.17 213.33 275.29
person 114.81 195.77 127.08 216.54
person 201 173.8 219.82 202.72
person 44.46 184.8 63.99 216.84
person 108.04 196.26 119.96 216.45
bench 349.23 231.41 441.62 240.7
bench 401.89 212.92 453.9 232.38
person 1 55 570 294
