person 368.58 250.67 374.38 266.34
person 304.48 224.24 308.72 230.92
person 374.03 249.34 380.17 261.13
kite 562.22 72.86 592.24 90.01
kite 365.38 151.54 383.38 170.8
kite 271.17 147.44 282.25 158.3
person 406.14 305.79 416.14 315.98
kite 398.31 163.72 407.77 172.64
kite 256.74 194.28 266.27 207.48
kite 230.64 181.46 238.9 190.05
person 193.85 218.71 197.51 222.73
person 625.62 227.85 628.28 233.77
kite 305.74 175.42 311.28 179.78
person 513.26 255.32 522.35 262.79
person 218.08 220.28 221.11 228.07