bottle 407.68 408.7 423.68 456.77
bus 585.31 178.73 634.56 208.78
umbrella 338.46 183.2 384.65 199.55
umbrella 384.95 166.04 461.47 189.89
umbrella 16.13 149.62 195.02 265.12
umbrella 185.16 165.94 278.4 191.96
person 228.29 189.23 282.91 280.61
person 217.4 256.95 283.73 369.71
person 293.72 185.26 340.34 333.88
person 77.29 230.14 117.14 273.07
person 172.88 198.73 212.79 257.42
person 389.41 205.33 431.61 312.2
person 164.79 199.57 180.64 245.06
person 367.13 309.5 465.74 441.39
person 606.68 204.72 628.02 229.34
person 340.73 198.25 366.85 272.21
person 469.09 296.8 601.85 430.11
person 481.04 285.67 541.2 354.83
person 475.8 280.45 512.76 323.32
handbag 310.76 210.1 328.84 231.3
bowl 97.64 304.64 150.34 330.77
bowl 177.05 286.95 205.93 306.66
bowl 462.31 319.42 478.91 334.66
person 48 186 612 388