car 264.65 235.3 375.22 302.59
car 30.14 233.37 147.47 327.65
car 27.3 214.68 105.24 266.41
car 168.49 237.08 270.37 297.89
car 412.11 234.99 483.83 285.54
car 479.23 234.76 569.44 285.23
bus 1.08 1.08 156.4 473.53
person 150.04 224 169.05 295.72
person 259.18 228.19 273.3 249.25
car 344.39 227.64 373.2 254.2
car 100.09 241.54 129.54 276.71
car 598.47 242.61 640.0 276.3
car 551.98 241.96 586.99 278.55
car 460.41 231.36 528.7 255.81
person 172.88 235.27 182.88 265.27
person 187.03 226.28 203.04 248.77