person 28.76 102.11 241.62 327.91
orange 194.48 349.25 260.62 420.76
orange 273.35 248.86 335.37 305.58
orange 360.99 234.19 427.0 285.96
orange 225.68 288.03 302.25 365.1
orange 260.26 356.94 332.55 430.48
orange 185.25 286.32 230.83 333.49
orange 377.11 276.26 424.82 353.65
orange 274.7 163.72 356.67 241.38
orange 226.09 219.61 298.3 294.0
orange 304.32 419.19 357.6 496.42
orange 235.83 192.99 275.83 223.23
orange 166.4 344.79 202.12 392.55
orange 303.86 229.78 370.27 298.29
orange 1 160 417 488