horse 302.82 85.6 531.09 333.2
horse 386.58 122.42 614.85 329.51
person 200.69 111.4 287.63 246.42
person 82.47 175.19 120.98 207.28
person 116.05 174.33 154.17 206.83
person 290.24 174.17 315.99 226.04
person 621.35 159.54 640.0 223.47
person 51.61 182.33 79.51 207.82
person 24.36 181.66 56.17 226.87
person 6.8 187.29 29.27 229.55
person 0.43 183.93 16.08 229.92
person 146.53 163.16 157.97 200.35
person 88.62 181.46 95.77 196.68
truck 367.41 2.16 640.0 157.01
tie 223.05 141.46 234.26 157.74
person 605.89 185.66 623.73 215.25
person 604.76 169.45 620.97 187.88
tie 126.69 199.18 130.18 206.16