bottle 332.99 126.75 361.99 196.57
bottle 318.67 129.73 339.12 207.24
person 132.9 1.2 281.75 206.42
person 395.06 3.27 617.69 190.98
cup 454 125.47 489.47 159.71
knife 158.16 221.06 215.1 231.98
spoon 468.63 101.27 499.03 128.8
pizza 200.87 338.36 320.1 452.22
pizza 139.64 261.02 476.93 440.4
pizza 330.21 195.59 567.55 278.3
pizza 470.16 168.85 538.52 187.57
bowl 512.52 190.71 608.51 223.1
pizza 189.57 230.37 209.41 241.71
cell-phone 209.1 147.88 234.94 162.95
person 0 4.72 199.46 277.36
bottle 259.61 178.27 294.17 243.88
fork 184.92 210.84 198.38 226.65
pizza 138.17 335.47 309.95 426.34
diningtable 2.48 124.16 608.36 471.79
