person 238.65 91.39 287.12 199.28
person 271.34 145.16 302.01 191.59
person 237.63 75.53 267.37 118.18
person 281.83 126.61 298.19 149.59
vase 254.77 245.73 281.58 292.58
vase 138.86 232.05 156.51 295.35
vase 337.69 233.97 368.01 309.5
vase 200.18 216.68 228.69 290.68
vase 321.76 257.9 356.31 313.0
vase 62.2 256.02 87.58 313.0
vase 55.31 251.94 65.35 285.56
vase 45.43 222.02 95.18 275.81
vase 94.68 237.34 107.29 272.59
vase 360.28 246.48 393.19 313.0
vase 401.51 246.47 430.2 308.08
vase 379.54 254.51 417.26 312.81
bowl 14.28 60.71 32.02 83.12
bowl 43.82 172.93 67.06 197.23
vase 337.72 167.24 391.49 258.96
bowl 33.23 176.93 48.29 196.11
vase 58 56 237 223