car 184.88 259.04 199.59 268.57
bus 205.28 38.04 541.94 390.21
person 284.09 44.75 317.78 85.37
person 86.43 251.99 91.68 265.67
pottedplant 4.98 243.89 27.09 265.84
person 376.96 11.12 417.76 45.07
person 325.01 27.86 340.32 46.05
person 264.43 84.22 280.92 107.03
person 250.82 94.6 268.93 122.16
person 422.04 24.06 472.16 59.15
person 259.15 82.86 295.17 118.7
person 238.91 108.59 264.42 131.64
person 346.29 27.61 387.46 86.24
person 381.29 200.93 435.76 265.47
person 101.38 254.57 108.84 281.61
person 218.09 152.55 226.71 183.73
person 229 135 248 156