tvmonitor 229.98 202.98 273.96 234.84
chair 478.22 253.77 568.92 408.59
chair 530.44 219.93 577.16 243.75
chair 608.13 240.54 634.51 292.43
sofa 2.75 265.52 269.34 421.27
sofa 27.94 209.32 136.27 303.8
diningtable 446.68 225.48 619.69 389.81
banana 533.55 241.62 565.86 253.59
laptop 153.82 264.88 199.23 277.95
remote 211.34 287.23 231.77 292.03
bowl 519.21 241.28 577.86 260.91
chair 460.43 234.7 468.34 254.26
chair 609.81 234.35 629.49 250.64
chair 461.72 232.01 533.37 342.97
chair 473.31 226.82 492.18 251.55
chair 27.66 208.3 137.21 300.14
clock 604.95 75.54 638.57 105.09