bicycle 69.93 269.19 119.36 296.24
bicycle 496.83 129.35 529.64 155.06
bicycle 265.28 231.12 284.98 250.82
car 9.35 163.49 91.15 220.04
truck 0 51.35 80 130.27
traffic-light 418.96 99.3 432.18 128.21
traffic-light 212.46 200.36 226.72 236.95
traffic-light 217.96 262.8 227.03 280.32
person 169.91 277.47 199.53 322.58
person 552.44 284.55 573.11 337.2
person 540.21 314.52 562.42 349.39
person 468.11 280.54 484.32 315.14
person 280.44 216.39 302.02 238.64
person 487.71 178.39 507.51 215.05
person 60.29 200.14 80.11 229.67
person 109.38 116.31 127.61 145.05
person 451.72 290.06 467.65 310.48
person 504.28 302.39 519.65 327.08
bicycle 560.71 313.94 574.25 345.35
bicycle 328.27 221.64 343.51 251.68
bicycle 225.35 234.75 270.94 266.38
bicycle 188.12 203.7 203.93 220.68
motorbike 284.54 233.65 300.96 267.11
motorbike 92.2 250.44 140.22 279.25
motorbike 146.19 260.74 181.31 285.83
motorbike 578.55 201.27 619.86 237.52
motorbike 476.17 188.48 517.43 222.19
motorbike 228.01 189.64 261.58 215.87
motorbike 125.2 234.44 153.16 264.93
person 488.1 78.34 500.0 102.72
person 587.68 190.84 611.45 228.38
bicycle 588.87 179.09 624.5 205.68
motorbike 348.3 178.52 385.1 207.36
motorbike 44.71 215.84 95.09 246.87
motorbike 393.56 182.23 441.53 212.09
motorbike 545.59 345.82 564.03 370.47
person 520.33 289.54 541.99 331.62
car 379.41 307.93 543.72 426.46
motorbike 235.81 250.5 262.98 282.62
bus 302.92 275.32 432.06 367.24
truck 150.66 44.56 261.92 98.3
person 25 23 625 368
motorbike 510 141 606 179
