cell-phone 279.11 168.02 335.52 274.85
person 182.91 1.79 639.3 393.62
bowl 158.16 17.52 252.52 69.65
wine-glass 52.11 36.93 77.62 74.77
wine-glass 32.33 17.93 63.04 75.8
wine-glass 22.74 21.64 40.33 75.16
cup 12.59 122.07 63.08 191.2
cup 59.37 237.44 107.57 306.4
cup 13.47 244.58 61.15 310.91
cup 104.56 121.51 169.73 189.17
cup 72.65 21.15 121.5 74.07
cup 229.06 126.64 262.06 183.95
cup 59.73 118.24 111.22 154.55
cup 109.62 237.74 166.83 305.71
cup 161.33 129.44 229.29 185.67
cup 62 122.85 112 191.85
