umbrella 93.21 64.88 570.23 381.98
person 217.35 283.46 352.29 398.47
person 0.91 218.89 156.67 397.29
person 403.91 351.38 551.52 397.57
person 579.04 251.73 619.8 383.05
person 519.1 343.45 616.28 401.71
person 510.8 239.62 593.04 358.7
person 484.49 235.41 549.53 335.84
person 589.4 236.29 632.69 320.43
person 137.65 269.87 240.89 398.47
person 451.41 296.1 519.65 369.7
backpack 145.69 308.08 227.76 403.0
cell-phone 550.47 273.05 573.44 292.91
person 484.72 231.12 520.74 270.57
person 398.6 244.46 468.23 383.3
person 86.99 237.77 112.43 261.83
