bus 274.35 127.61 538.78 326.7
person 61.45 212.02 83.07 257.95
person 210.91 215.16 226.94 253.48
person 203.06 216.67 218.06 250.88
backpack 65.19 216.16 79.81 231.92
backpack 215.96 221.43 220.17 231.16
person 581.8 219.06 595.98 250.27
person 564.28 220.65 571.79 247.35
car 557.05 224.42 607.18 242.05
car 574.31 226.69 629.78 246.29
car 39.88 216.56 52.64 237.9
traffic-light 545.25 200.32 553.41 212.29
traffic-light 286.92 136.28 300.94 162.14
car 540.69 223.82 563.66 241.64
car 234.49 210.9 244.9 218.45
