aeroplane 17.05 56.32 640.0 366.99
person 405.95 279.34 463.2 404.68
person 599.45 280.66 625.27 353.43
person 609.11 273.49 630.22 320.24
person 591.27 273.51 604.7 346.59
person 118.23 303.66 129.91 383.21
person 632.97 278.79 640.0 351.21
person 619.88 275.27 629.86 349.14
person 571.88 279.04 591.56 344.62
person 565.42 281.36 577.04 342.03
person 122.37 303.1 150.13 390.38
person 40.76 291.43 58.0 325.68
person 151.61 318.19 164.08 342.35
person 80.84 285.3 116.75 389.93
person 59 290 474 353