car 426.26 117.6 477.95 154.93
fire-hydrant 283.78 178.82 352.74 321.13
person 30.27 59.66 114.35 135.33
person 330.91 100.35 346.12 141.01
person 259.47 96.74 271.92 144.95
person 377.06 96.25 394.65 146.56
bench 0 165.17 172.75 323.6
bench 12.1 133.3 152.99 165.81
backpack 72.85 96.92 114.29 134.75
traffic-light 233.99 51.81 244.28 66.39
traffic-light 211.32 14.35 225.86 32.42
person 246.86 94.62 263.62 142.04
person 296.91 104.75 305.55 145.77
truck 0.62 70.31 116.89 137.8
truck 458.55 114.39 500.0 234.0
traffic-light 298.56 36.67 311.56 70.9
handbag 299.33 110.82 307.78 119.61
person 333.75 93.49 338.52 105.6
person 356.02 99.39 366.24 134.45
person 471.86 93.09 486.69 115.28
person 216.05 101.44 231.27 137.73
person 240.39 99.92 250.03 120.0
car 116.17 109.65 152.93 127.29
person 282.14 104.01 295.69 144.96
