bottle 427.09 227.73 450.59 276.53
clock 178.75 97.83 199.26 123.82
diningtable 179.13 253.68 640.0 417.32
person 136.36 155.51 231.19 293.63
person 259.08 177.52 323.37 253.32
person 0 52.78 237.01 427.0
cup 347.22 270.92 385.8 310.33
cup 522.83 237.5 582.25 291.96
spoon 363.08 298.61 415.56 310.78
spoon 534.34 368.1 591.4 427.0
bowl 424.12 276.06 472.1 305.8
bowl 338.44 256.58 404.85 272.84
bowl 287.61 273.78 323.91 293.86
bowl 242.88 258.09 267.88 272.89
bowl 384 272.29 419.51 300.79
person 371.56 168.77 457.85 266.48
cup 541.22 214.58 567.71 236.54
cup 466.61 262.74 491.82 300.08
cup 184.6 280.03 207.75 306.48
bowl 416.23 256.61 430.28 273.85
chair 130.64 235.68 143.66 268.55
person 243.18 348.22 363.06 421.29
cup 423.4 275.03 471.66 305.88
cup 325.2 251.15 346.2 265.96
cup 478.52 258.83 522.6 278.81
cup 251.46 250.11 276.05 270.15
spoon 551.62 301.21 580.31 311.29
person 513.4 109.93 640.0 286.62
cup 301.72 234.31 327.83 264.01