bottle 302.98 325.68 308.96 339.33
bottle 309.15 323.63 317.91 339.51
bottle 317.95 319.61 327.2 340.12
bottle 326.96 316.7 338.76 340.31
refrigerator 335.92 224.15 387.87 521.52
cup 164.32 317.52 188.46 337.63
bowl 186.51 319.06 221.48 343.2
microwave 31.52 306.44 96.87 338.36
cup 292.7 251.31 310.75 266.86
spoon 216.35 297.61 232.21 315.54
spoon 237.2 303.71 248.73 316.38
banana 194.05 267.17 222.54 289.43
apple 204.63 217.09 214.68 225.82
sink 0.6 342.38 75.26 365.0
cup 178.16 325.88 191.16 348.18
knife 16.06 306.79 36.42 331.19
knife 22.18 318.61 32.3 330.97
knife 15.55 300.98 31.19 317.2
oven 1.66 384 88.1 608.42
spoon 237.51 298.54 243.77 311.44