person 213.61 158.15 315.28 244.42
person 159.69 235.22 218.02 308.61
person 71.02 187.33 196.59 378.77
person 190.42 53.01 624.77 452.37
carrot 305.09 414.92 392.85 439.16
carrot 309.62 408.13 363.61 423.56
hot-dog 162.46 302.8 306.06 352.18
hot-dog 239.81 412.37 395.29 453.72
hot-dog 306.16 403.56 316.1 411.81
person 0.33 232.65 28.37 289.83
person 209.85 267.92 237.74 300.49
person 32.74 229.37 91.31 294.99
hot-dog 237.59 413.87 300.22 442.15
person 0 301.24 108.64 451.21
hot-dog 309.97 414.97 358.37 427.17
hot-dog 311.81 413.74 363.48 420.05
hot-dog 313.8 408.16 361.0 415.31
