bottle 505.16 235 532.42 299.87
cup 511.32 281.31 546.32 328.15
laptop 33.58 241.81 200.55 383.82
laptop 382.92 200.64 513.03 324.72
laptop 74.52 181.91 191.29 266.35
mouse 441.91 327.16 473.84 355.32
keyboard 217.81 307.42 400.85 351.56
keyboard 62.51 306.79 203.88 383.72
book 603.3 268.02 621.49 336.08
book 592.95 356.24 640.0 427.0
keyboard 393.22 265.51 500.45 304.71
keyboard 86.47 233.68 191.73 263.71
book 595.97 258.73 614.7 335.35
book 600.7 257.17 630.05 335.93
clock 254.49 271.86 279.46 290.16
tvmonitor 236.05 170.09 397.13 269.8
book 515.24 328.54 597.03 373.73
book 591.78 261.65 609.54 334.38
book 618.24 272.89 639.06 335.88
cup 619.28 305.69 640.0 347.74