car 152.7 260.67 187.61 278.89
car 85.15 258.85 106.72 271.08
car 71.21 260.94 87.31 271.25
traffic-light 534.69 175.68 555.91 229.69
traffic-light 577.82 169.47 604.2 234.98
traffic-light 554.82 177.15 566.36 231.35
person 282.72 262.26 288.54 285.53
person 243.9 262.6 256.6 288.89
person 510.84 265.69 518.08 294.15
person 503.89 266.13 512.47 296.58
person 488.68 266.35 497.48 293.5
person 236.1 258.71 240.41 280.46
truck 580.45 270.62 640.0 299.02
truck 152.11 261.03 187.64 278.89
person 495.57 264.96 507.43 291.63
