bottle 430.76 216.64 455.52 296.37
bottle 379.72 302.97 446.57 427.38
person 345.29 132.73 443.39 315.47
person 183.4 152.4 237.4 253.71
wine-glass 300.08 299.12 355.87 392.41
pizza 180.4 348.66 245.98 398.9
pizza 211.18 242.12 384.79 269.61
person 258.2 160.56 334.35 235.8
person 0 1.92 168.9 428.0
wine-glass 288.36 366.02 369.93 428.0
cup 285.21 231.41 292.91 242.83
cup 372.51 342.97 446.21 428.0
pizza 248.6 188.56 275.45 203.25
tvmonitor 153.04 42.49 206.26 84.93
person 411.61 82.42 624.65 395.71
person 97.14 130.8 263.53 355.87
person 302.5 164.78 367.37 244.9
cup 292.37 359.08 370.19 420.22
knife 192.64 369.46 287.65 426.77
knife 350.92 332.59 395.78 341.28
knife 223.92 301.78 236.41 305.41
pizza 218.33 212.37 252.34 227.12
bottle 289.44 278.84 310.89 311.26
