pottedplant 418.52 177.98 512.36 314.97
pottedplant 170.09 185.82 246.77 285.27
tvmonitor 554.32 69.04 624.95 181.54
person 48.48 170.07 134.06 461.92
person 114.38 171.1 196.23 394.4
person 234.9 177.58 283.21 347.54
person 309.33 168.21 355.55 346.21
person 2.16 184.32 30.27 361.62
remote 109.83 283.37 128.14 291.35
person 266.94 178.86 317.2 364.47
handbag 546.12 306.85 574.05 350.17
handbag 570.04 306.5 611.21 368.09
chair 174.35 267.65 243.25 336.55
chair 230.85 257.7 285.3 319.54
chair 455.52 261.69 559.94 363.61
chair 310.45 278.91 373.21 320.59
chair 378.86 240.46 446.42 320.25