bird 308.81 282.6 316.19 288.55
bird 371.93 184.35 379.41 193.9
bird 223.1 338.56 232.04 344.14
bird 348.18 245.6 357.19 251.52
bird 198.51 366.98 205.25 372.42
bird 175.87 376.91 180.31 381.35
bird 165.25 369.67 174.0 376.14
bird 206.7 326.24 215.09 333.15
bird 374.89 261.95 383.34 268.94
bird 349.16 213.81 357.28 221.59
bird 149.81 306.13 157.14 315.8
bird 173.02 288.47 182.4 297.17
bird 322.24 239.48 332.34 246.85
bird 267.86 218.67 274.47 223.34
bird 288.65 306.09 296.3 313.59
bird 362.6 155.06 372.57 164.38
bird 294.81 161.78 304.25 167.77
bird 190.01 401.64 198.04 408.04
bird 227.66 327.17 232.56 331.3
bird 279.97 284.34 287.08 291.79
bird 291.44 296.92 300.52 304.33
bird 178.17 316.43 187.28 325.06
bird 1 93 485 523