diningtable 0 21.54 500 375.0
fork 462.25 120.89 499.16 369.21
knife 0.59 162.77 75.27 375.0
orange 287.85 129.23 380.28 229.58
broccoli 199.41 163.85 385.59 334.14
carrot 318.66 182.75 388.2 246.13
carrot 176.86 243.09 229.48 320.2
carrot 221.03 175.99 239.24 245.63
carrot 187.66 294.81 211.23 352.66
carrot 235.98 186.66 281.0 221.02
broccoli 153 251.62 178.97 317.14
carrot 175.71 237.14 210.9 265.97
carrot 210.14 215.08 228.37 248.47
carrot 174.29 251.64 185.74 297.86
carrot 196.2 204.15 222.08 246.86