train 5.41 50.81 330.81 398.92
person 225.98 258.94 260.57 390.53
person 160.26 255.2 212.68 401.03
person 452.41 265.46 462.83 278.13
person 397.53 263.21 439.52 392.73
person 515 264.4 535.64 298.53
person 337.52 268.77 384.6 388.42
person 552.42 283.41 618.6 476.26
person 387.31 262.06 407.18 324.78
person 442.25 275.81 480.0 400.93
person 427.23 269.89 443.65 302.42
traffic-light 460.08 238.03 468.78 246.72
person 263.62 259.26 290.39 334.71
person 263.81 275.38 315.2 416.96
traffic-light 515.48 35.1 548.22 143.25
handbag 189.78 278.1 204.43 312.23
person 516.99 305.86 561.9 451.15
person 276 224 573 384
