person 413.51 4.21 624.6 419.64
person 219.91 11.87 305.24 72.77
banana 0 265.32 54.05 286.92
banana 0 234.73 111.65 287.73
banana 224.93 159.79 294.88 230.13
banana 66.27 253.71 146.55 301.45
banana 295.55 223.47 322.55 273.47
banana 262.89 149.1 341.99 178.27
banana 197.83 177.68 244.51 229.32
banana 249.79 229.67 327.24 303.58
banana 109.31 204.56 180.59 286.39
banana 204.92 239.35 265.97 300.39
banana 257.89 168.13 299.27 209.51
chair 33.63 52.36 91.24 199.87
chair 0 33.58 71.01 194.79
chair 214.94 61.41 271.55 114.19
chair 346.48 63.17 388.84 136.91
chair 179.44 48.94 225.49 107.47
chair 381.56 74.05 426.0 118.71
chair 450.09 64.37 497.23 81.38
chair 296.51 41.09 335.37 76.36
chair 182.93 18.03 227.47 62.75
chair 45.86 22 87.19 59.75
chair 127.18 26.12 171.55 63.6
chair 268.6 61.13 316.3 97.8
banana 16.38 199.02 106.35 249.63
diningtable 84.05 85.38 183.18 102.74
diningtable 492.23 105.31 531.55 153.78
diningtable 585.19 212.59 639.92 384.09
banana 337.75 255.95 394.51 294.71
chair 310.27 75.75 355.38 109.74
diningtable 263.4 89.69 351.87 121.63
diningtable 424.37 79.29 498.21 166.9
banana 126 139 476 354