bottle 326.65 69.57 333.01 91.52
bottle 338.07 59.43 350.19 92.55
bottle 349.55 63.38 359.42 93.68
bottle 359.42 57.28 371.13 92.42
bottle 370.12 59.17 381.72 92.57
bottle 379.84 55.95 393.31 93.6
bottle 380.83 137.45 388.38 156.71
bottle 392 61.99 401.32 92.5
bottle 389.18 140.01 395.14 157.42
bottle 400.69 139.98 407.39 156.69
banana 151.57 281.6 249.29 323.15
banana 131.57 237.51 210.82 320.61
banana 200.92 213.88 318.25 256.12
banana 273.91 260.7 422.41 323.02
banana 292.09 247.62 330.93 268.57
apple 243.13 290.84 296.22 323.15
apple 207.77 241.01 247.37 279.02
apple 170.79 261.23 219.32 305.09
apple 331.36 262.47 367.78 282.01
person 400.54 64.52 500.0 326.98
person 263.44 113.9 371.09 274.09
person 0 97.73 145.5 322.59
person 149.72 120.5 202.56 225.22
person 81.93 131.35 217.27 321.22
bottle 394.09 139.96 400.65 156.29
bottle 333 69.01 339.73 92.28
apple 275.86 282.94 307.43 304.48
apple 220.58 273.36 261.52 296.9
bottle 364.86 116.11 370.38 132.67