bus 146.12 85 566.35 361.97
bus 480.39 127.82 639.89 260.57
bus 618.37 163.56 640.0 265.66
person 99.07 208.97 119.9 276.89
person 26.46 211.36 54.86 245.21
person 66.82 207.36 90.41 283.88
person 61.18 212.34 76.2 243.45
person 45.82 208.35 63.78 244.08
person 0 210.92 23.13 245.61
person 94.64 211.19 103.48 239.56
person 490.39 210.06 509.21 232.38
person 469.29 207.11 491.19 234.44
traffic-light 63.83 115.31 91.75 179.58
traffic-light 549.16 3.82 594.04 76.4
traffic-light 99.98 132.62 120.8 181.07
parking-meter 576.54 255.17 620.41 327.9
handbag 12.38 231.81 22.33 245.93
handbag 106.1 247.17 118.41 266.45
person 502.37 202.61 519.16 229.4
person 435.57 205.39 459.78 237.0
traffic-light 301.27 211.09 307.56 220.68
