sports-ball 20 73.92 41.8 89.35
person 230 1.57 268.63 104.89
person 192.45 1.19 227.22 111.46
person 85.87 0.2 122.98 111.66
person 145.22 2.24 175.69 76.64
person 344.44 0 376.76 59.04
tennis-racket 136.67 72.25 278.5 142.74
tennis-racket 71.62 50.72 94.45 101.61
tennis-racket 186.79 13.8 205.09 65.97
bench 385.48 59.92 499.96 88.54
tennis-racket 223.89 22.72 240.22 40.03
tennis-racket 148.58 41.56 157.28 65.62
tennis-racket 264.69 38.85 277.32 57.21
person 256.43 56.18 455.87 333.98
bench 411.6 50.79 500.0 67.44
bench 442.07 41.45 499.99 52.71
