sports-ball 181.93 340.33 207.71 364.15
sports-ball 396.38 250.39 408.62 264.19
person 140.7 224.54 376.02 583.13
person 225.47 168.6 280.24 229.99
person 184.33 156.59 209.63 188.76
person 18.59 129.94 83.02 256.33
person 173.94 143.17 246.22 248.08
person 108.41 150.16 180.89 258.64
tennis-racket 249.87 295.61 299.43 386.47
person 64.16 194.79 131.64 258.53
person 81.18 133.54 130.09 189.86
person 455.25 198.82 512.0 419.76
person 264.61 131.79 280.58 207.44
person 228.6 125.82 278.05 188.57
person 334.46 113.97 408.38 402.55
person 0 159 41 264
