clock 392.09 110.38 417.52 136.7
person 594.9 223.46 640.0 473.66
hot-dog 381.14 225.82 443.31 253.12
donut 175.28 253.8 221.06 281.74
donut 96.41 357.68 168.88 392.03
donut 126.65 258.32 178.38 285.89
donut 71.02 247.15 117.23 275.05
donut 34.23 265.85 82.4 296.07
donut 32.97 252.55 69.17 271.64
donut 50.78 229.31 90.74 248.52
donut 82.89 218.28 126.59 237.67
donut 80.63 263.92 128.1 290.41
donut 277.22 222.95 323.7 243.63
donut 225.52 155.33 272.07 167.27
person 360.62 178.19 444.48 207.29
donut 171.6 149.81 219.99 169.74
hot-dog 398.01 223.2 461.1 252.65
donut 1 123 603 402
