person 257.87 189.9 280.35 275.71
person 87.27 217.4 103.24 278.36
person 0 193.39 30.38 277.11
person 0 242.6 42.33 302.63
person 46.94 240.36 94.05 299.0
teddy-bear 530.66 210.26 640.0 357.31
teddy-bear 529.04 147.53 577.56 216.59
person 139.62 194.66 157.59 224.25
person 217.83 201.6 237.32 270.54
person 202.56 190.83 220.61 236.56
person 115.12 195.8 143.32 227.55
person 258.26 180.63 275.85 202.89
person 25.9 199.68 29.45 208.05
teddy-bear 556.96 146.66 612.97 209.94
teddy-bear 568.55 107.16 614.63 161.48
person 166.47 211.98 183.82 273.96
person 63.7 199.05 68.96 209.87
person 27 201 236 269
