car 539.07 124.51 640.0 234.91
car 0.94 133.06 380.87 298.49
traffic-light 613.29 103.34 622.93 120.0
traffic-light 631.15 96.63 638.14 108.4
person 542.98 121.07 559.89 157.51
person 571.2 125.73 587.76 150.16
person 523.84 128.81 543.12 176.08
person 81.45 109.39 106.97 139.11
person 78.42 114.35 99.66 138.59
person 587.37 127.1 597.1 149.22
person 601.75 129.61 612.24 144.41
traffic-light 1.51 18.43 14.32 34.85
traffic-light 629.73 34.36 640.0 80.01
person 165 152.05 211.37 189.6
person 611.89 125.01 622.07 138.12
person 566.97 123.28 580.67 151.42
train 68.53 22.05 575.78 185.89
person 521.81 126.01 533.84 174.74
