broccoli 305.43 259.21 397.86 333.56
broccoli 206.97 248.23 267.25 319.56
broccoli 249.06 196.36 334.17 273.68
broccoli 537.52 189.89 599.81 233.09
broccoli 428.64 175.69 475.12 205.13
broccoli 352.77 159.67 413.94 192.67
broccoli 339.59 178.84 424.99 234.1
broccoli 474.93 150.54 512.41 176.43
broccoli 424.98 121.48 473.16 146.49
pizza 17.27 117.07 627.55 359.83
broccoli 225.96 227.57 270.62 260.63
broccoli 472.1 227.41 545.02 296.5
bottle 0.3 0.68 87.89 159.61
broccoli 457.3 190.49 499.32 221.32
cup 471.48 16.12 548.21 82.84
broccoli 493.72 217.39 574.89 265.21
broccoli 195 112 597 302