cow 159.19 379.79 175.21 387.62
cow 200.69 370.89 210.31 383.29
cow 211.09 385.95 225.19 393.95
cow 247.6 371.41 266.29 385.04
cow 261.05 381.52 269.45 394.53
cow 106.49 386.41 122.23 394.74
cow 90.67 388.99 104.06 396.32
cow 62.45 389.17 83.66 398.8
cow 350.36 370.9 364.29 378.73
truck 395.9 379.07 472.19 429.0
truck 540.77 394.23 591.54 426.54
truck 474.11 397.91 508.52 420.99
cow 67.93 373.3 76.76 387.92
cow 121.49 382.14 131.85 385.85
truck 510.41 391.12 558.05 422.77
cow 120.53 394.02 134.96 401.92
cow 282.15 369.11 289.6 381.33
cow 0 364 363 407