motorbike 45.15 290.22 469.52 552.07
motorbike 290.22 288.93 638.49 553.36
person 159.52 223.34 257.24 324.38
person 5.15 228.57 100.39 325.1
person 442.9 243.65 499.64 320.53
person 512.1 237.15 587.32 320.31
person 219.57 168.87 309.17 290.41
person 292.93 157.4 365.35 292.58
person 441.37 144.92 517.59 289.13
person 389.66 154.47 447.55 237.06
person 387.74 240.2 506.86 360.75
handbag 304.64 205.59 354.28 278.61
bottle 376.51 92.93 389.7 135.6
bottle 457.2 94.72 468.75 125.51
cup 417.14 210.56 429.65 235.32
chair 393.45 298.43 491.7 363.0
chair 511.65 274.1 531.14 308.52
chair 580.11 298.38 640.0 475.32
chair 247.43 287.41 277.77 320.48
chair 1.29 287.97 63.2 351.17
pottedplant 114.54 286.82 155.01 330.42
vase 393.38 201.22 404.62 225.42
person 263.91 234.63 328.21 334.38
motorbike 0 328.66 128.59 566.73
bottle 447.49 95.14 457.68 120.88
bottle 434.93 97.81 447.6 122.22
bottle 412.63 101.92 424.58 135.42
bottle 401.25 101.83 412.59 136.06
bottle 389.07 93.16 399.43 136.26
bottle 366.97 97.89 377.55 136.01
bottle 322.03 94.65 333.7 136.02
bottle 309.91 97.41 322.25 135.56
bottle 344.67 95.8 354.88 136.62
bottle 249.91 130.09 263.69 168.52
diningtable 350.66 224.26 467.95 274.68
diningtable 183.58 322.68 214.76 332.91
person 588.53 239.78 640.0 299.54
cup 388.77 205.68 399.99 237.07
cup 109.81 278.22 122.4 317.81