horse 131.85 237.53 468.67 474.44
person 255.74 167.17 337.99 395.7
person 525.26 280.49 561.64 344.97
person 560.03 274.05 598.92 363.79
person 410.53 271.88 460.79 335.96
person 342.64 268.97 366.54 300.02
person 363.31 270.1 384.94 297.37
umbrella 330.45 227.94 392.15 255.42
umbrella 508.05 267.56 568.34 286.11
umbrella 113.39 261.63 150.64 273.74
umbrella 343.31 252.33 412.08 270.92
person 114.45 269.58 149.45 400.77
person 48 275.58 79.54 343.84
person 329.57 270.85 338.37 291.5
person 384.95 270.55 418.26 309.89
person 508.09 283.08 535.89 385.04
person 0 276.78 71.06 480.0
umbrella 592.94 262.38 640.0 288.87
umbrella 392.36 252.06 414.95 276.37