bottle 159.33 348.66 173.98 391.83
bottle 288.42 305.26 302.44 341.44
bottle 624.9 289.16 640.0 332.5
sofa 1.03 258.1 184.14 474.31
sofa 480.33 256.01 634.62 357.46
person 170.43 45.3 542.56 474.61
person 372.24 108.84 593.2 474.56
laptop 298.02 299.44 369.86 342.64
remote 495.96 104.19 524.78 138.78
remote 326.94 151.84 340.81 158.49
laptop 135.46 337.38 181.18 379.53
remote 118.69 367.78 140.23 383.16
book 367.56 218.87 370.93 231.95
book 331.63 276.83 358.21 298.45
book 368.62 278.22 372.48 296.47
book 357.62 277.59 363.13 295.37
book 376.58 257.74 379.96 274.29
remote 464.34 204.82 473.54 217.27
remote 564.85 165.21 579.23 178.8
remote 520.35 67.51 540.13 80.0
book 331.04 258.17 337.9 274.55