car 1.2 130.33 122.71 202.27
motorbike 10.35 256.24 360.97 412.07
motorbike 373.15 306.42 640.0 499.71
motorbike 0.19 253.76 73.26 353.19
bus 1.35 69.1 199.55 185.06
person 187.84 130.41 310.81 462.84
person 330.1 124.53 348.93 143.36
person 540.8 147.19 640.0 365.62
person 431.46 115.96 570.34 324.94
person 350.34 125.35 372.26 144.78
person 286.44 117.42 308.78 144.89
person 363.17 122.27 372.82 140.69
person 103.82 110.9 215.73 411.57
person 33.79 160.75 103.6 261.9
truck 273.27 114.48 465.09 244.68
person 272.32 114.46 284.8 148.74
person 215.53 119.43 228.87 148.89
motorbike 362.69 250.59 554.34 377.62
person 607.86 123.34 632.15 163.7
person 307.5 126.7 322.35 144.18
person 0 93 613 248