bottle 521.34 382.15 547.24 480.0
bottle 617.29 349.94 637.94 431.48
sofa 237.43 277.62 449.16 460.57
person 27.92 88.26 292.08 480.0
person 407.5 226.19 531.31 417.37
remote 177.21 181.65 229.83 200.28
remote 471.02 290.24 479.64 317.77
wine-glass 568.83 355.43 586.84 405.28
wine-glass 601.29 369.52 620.76 408.83
cup 545.53 422.23 553.83 466.05
book 564.51 160.27 573.51 191.94
book 558.3 204.73 567.68 246.36
book 557.25 267.12 576.07 300.43
book 546.25 305.03 568.86 342.61
book 519.77 203.55 532.63 241.56
book 551.66 267.94 570.91 301.75
book 565.19 436.86 632.45 462.69
book 560.32 410.51 604.42 419.74
book 504.74 268.43 534.03 279.75
book 566.3 206.31 572.87 246.86
book 546.89 304.21 584.23 353.24
book 563.88 269.37 580.76 301.57
remote 489.52 309.9 510.97 335.57
remote 569.83 380.83 609.27 405.7
remote 487.38 404.15 510.18 415.62
remote 507.81 401.74 530.78 414.75
book 511.95 298.5 526.51 330.89
book 479 83 639 474
