person 333.71 137.52 445.27 426.04
person 451.33 157.44 499.19 307.64
person 300.18 144.23 337.17 204.26
person 526.41 183 536.57 202.2
person 144.89 144.96 202.47 264.9
person 1.92 196.71 81.56 409.73
person 245.28 144.3 286.1 204.83
bowl 285.18 276.65 330.48 292.4
bowl 326.98 281.53 359.27 292.58
banana 573.48 274.16 635.46 330.91
apple 576.01 315.43 621.78 346.16
orange 622.45 291.25 640.0 313.38
bottle 86.83 275.39 101.26 320.23
bottle 176.91 248.75 186.9 269.77
bottle 184.32 248.02 191.25 269.23
bottle 212.03 229.71 226.1 269.77
apple 631.47 274 640.0 292.23
sink 99.14 325.55 302.36 385.69
person 427.25 185.34 441.77 198.19
person 7.84 169.5 50.65 247.78
orange 614.32 304.15 640.0 345.13
refrigerator 490.38 207.38 640.0 420.88
knife 297.68 205.09 307.86 230.56
knife 314.57 204.96 317.97 214.83
bowl 273.36 265.26 328.47 289.95
bowl 251.65 204.35 274.9 216.63