train 200.91 126.79 403.77 314.04
person 436.86 218.62 450.94 271.58
person 398.41 214.7 412.02 233.95
person 419.08 205.17 434.55 256.87
person 365.49 190.47 375.06 202.23
person 412.03 204.77 422.96 246.55
person 433.45 205.79 440.49 231.72
bench 102.53 257.21 126.39 287.38
bench 117.77 227.39 138.61 251.29
suitcase 431.87 245.92 445.65 267.38
person 386.61 193.41 400.53 217.28
person 155.8 160.17 162.66 179.82
suitcase 422.48 241.39 429.53 254.5
person 450.13 221.72 460.15 271.36
handbag 446.74 249.84 456.39 261.5