bus 98.83 333.1 137.05 345.45
traffic-light 150.4 278.41 164.52 309.32
traffic-light 185.02 175.75 225.47 244.82
traffic-light 427.68 275.3 442.46 301.31
person 166.43 306.93 300.95 594.0
traffic-light 121.86 311.96 129.36 328.83
traffic-light 171.59 288.18 184.78 312.09
backpack 194.56 362.21 279.48 417.18
person 459.91 317.05 528.34 519.15
person 515.98 315.43 560.01 453.91
person 286.44 327.32 355.41 529.2
person 351.58 314.98 417.66 528.75
person 387.83 315.82 427.11 407.31
person 603.74 320.09 639.91 570.49
person 464.05 328.81 483.86 357.22
person 543.17 329.88 597.92 512.68
person 271.48 341.49 288.36 379.59
person 438.27 330.26 469.01 417.03
bus 4.07 320.86 33.61 350.4
traffic-light 226.31 156.01 302.53 271.15
person 284 336.25 308.24 391.46
car 572.14 324.47 601.96 366.57
person 582.8 321.21 621.65 448.87
person 112 322 447 416
