pottedplant 0 351.56 70.13 502.5
diningtable 0 426.95 229.86 630.92
cup 68.06 287.46 86.93 306.69
cup 99.76 290.46 117.3 306.63
cup 66.71 220.26 82.79 253.77
bowl 68.53 471.64 95.81 488.37
bowl 69.9 467.19 97.16 475.87
bowl 69.1 459.53 95.68 471.07
oven 130.88 396.94 232.99 533.57
sink 290.52 385.44 453.03 477.48
book 385.88 247.98 394.47 291.8
vase 0 421.19 23.72 501.89
vase 13.8 415.97 46.92 462.47
wine-glass 16.67 215.79 34.1 248.95
wine-glass 30.32 217.72 45.13 247.9
wine-glass 55.5 222.06 67.37 250.9
wine-glass 42.64 220.63 56.22 250.02
cup 84.56 288.96 99.78 306.06
cup 104.73 230.64 117.32 258.96
bowl 14.94 295.55 43.71 305.62
bowl 14.8 293.89 44.12 295.61
bowl 45.41 288.5 62.49 295.05
book 373.5 249.05 385.67 292.65
wine-glass 93.07 229.19 105.37 253.79
wine-glass 10.97 217.68 22.61 250.1
wine-glass 104.82 231.62 113.89 255.48
wine-glass 113.75 232.25 123.83 258.7
wine-glass 98.67 230.48 108.17 256.94
wine-glass 41.38 223.22 47.43 241.98
cup 41.55 294.2 61.01 306.13
cup 84.92 290.96 88.08 300.97
cup 304.38 267.54 314.03 283.12
bowl 15.08 273.51 44.99 294.09
book 360.91 241.3 384.46 293.32
book 394.07 250.54 403.27 293.88
