tie 101.74 226.43 109.27 242.26
tie 330.9 59.2 337.17 73.36
tie 409.34 61.99 416.71 76.0
tie 186.25 60.78 192.01 70.4
person 70.18 189.51 134.38 301.55
person 139.9 190.55 211.94 298.36
person 204.27 187.31 270.1 288.43
person 257.68 192.06 330.09 287.22
person 327.79 190.02 390.9 285.03
person 387.02 193.51 449.6 292.14
person 394.3 127.59 435.02 219.88
person 331.91 131.75 398.26 248.9
person 322.94 129.11 361.45 201.4
person 60 32.96 113.21 139.84
person 99.93 80 146.6 154.28
person 431.19 134.39 473.79 275.8
tie 174.86 228.4 180.59 241.68
tie 234.13 220.28 245.42 235.74
tie 292.59 228.42 298.73 236.38
tie 231.27 57.32 237.19 69.8
tie 279.97 47.29 292.69 60.69
person 284.3 118.18 325.64 227.46
person 0 18 499 281