cell-phone 334.88 360.79 428.92 406.42
chair 31.26 177.33 78.69 229.87
person 251.57 4.1 547.49 423.39
person 51.82 104.59 156.41 261.0
person 42.31 114.57 72.51 161.87
cup 161.2 368.2 271.55 425.77
laptop 70.05 207.26 343.52 400.13
chair 234.13 189.03 298.42 279.23
chair 116.69 185.09 218.92 266.18
chair 0 204.05 51.15 317.47
diningtable 155.26 174.12 295.58 193.57
diningtable 270.07 179.67 624.42 225.15
diningtable 124.95 164.16 199.16 186.18
diningtable 18.51 160.84 58.09 181.11
chair 507.75 264.33 589.61 419.2
