chair 344.09 58.26 416.27 166.95
chair 190.62 15.99 238.57 57.75
chair 522.07 57.92 596.49 173.33
chair 282.16 15.68 354.59 165.95
chair 356.82 14.51 419.7 64.07
chair 420.54 14.05 480.0 61.62
chair 479.08 15.44 540.28 66.68
chair 411.74 60.41 467.0 167.67
chair 224.96 58.1 292.84 167.03
chair 166.24 56.51 232.84 166.32
person 55.26 26.82 209.12 430.97
tennis-racket 88.08 242.4 161.39 379.51
chair 538.25 18.34 596.49 65.8
sports-ball 320.12 271 342.23 291.21
chair 74.29 12.48 133.54 56.66
chair 1 9 639 297
