car 577.04 268.35 589.56 275.4
car 569.21 266.65 584.55 274.31
car 290.17 270.21 306.85 279.5
kite 145.68 146.95 175.41 158.3
kite 344.61 160.53 357.43 172.41
kite 617.36 20.05 627.88 34.89
kite 457.48 138.28 501.36 181.5
person 44.45 245.3 97.82 379.8
person 133.62 266.36 147.14 303.77
person 423.61 265.53 449.55 312.32
person 217.51 270.57 231.26 306.98
person 227.97 260.71 240.63 306.68
person 280.78 271.34 291.99 292.6
person 406.83 271.38 415.66 293.18
person 324.31 260.85 337.41 314.6
person 334.18 265.85 345.68 302.79
person 312.87 267.66 335.49 323.46
person 447.94 262.32 471.02 322.21
person 492.45 265.06 505.93 304.14
car 566.53 268.48 571.53 275.67
person 207.01 280.67 214.39 301.38
kite 167.09 269.87 184.8 299.39
person 5 257 639 327