person 286.05 236.68 346.18 324.57
person 328.11 233.44 390.02 332.6
person 619.77 61.82 640.0 115.22
person 455.05 237.27 520.98 338.45
person 403.76 237.67 468.0 336.78
person 542.49 212.11 566.27 245.91
person 581.86 161.88 638.66 244.69
person 518.69 51.03 551.5 110.92
person 366.1 131.16 401.59 200.38
person 327.97 132.98 389.8 203.72
person 255.09 161.87 297.3 228.95
person 170.23 130.31 220.42 219.35
tie 179.02 252.47 186.0 273.23
tie 229.82 250.73 237.54 267.44
tie 234.57 198.42 242.14 217.59
tie 351.14 268.77 359.2 289.12
tie 526.36 266.23 537.22 284.88
tie 450.9 198.03 457.37 225.79
tie 378.72 156.83 383.47 162.6
tie 485.49 275.26 502.32 294.84
tie 600.08 252.42 603.87 263.17
tie 31.76 201.39 38.53 211.64
tie 68.83 204.18 74.18 215.46
tie 413.7 198.64 418.36 212.02
person 339.16 167.08 375.08 239.26
tie 301.87 161.06 308.96 178.29
tie 111 73 635 237
person 1 39 639 366