tennis-racket 138.14 325.55 171.38 395.57
person 128.91 188 197.33 422.89
person 227.1 96.67 246.7 126.95
person 25.29 104.95 44.71 121.87
person 0.52 130.64 26.22 166.3
person 44.51 194.56 71.19 216.37
person 121.49 163.74 134.69 180.14
person 246.13 184.4 272.4 215.58
person 274.44 183.05 296.85 213.11
person 277.98 448.32 333.0 500.0
person 228.23 164.73 253.4 187.64
chair 86.34 244.28 124.45 292.67
person 123.6 43.01 139.76 70.36
bench 230.81 187.61 258.95 215.75
bench 249.33 179.48 325.18 187.18
bench 97.4 175.32 129.87 184.42
bench 96.94 197.05 111.3 209.61
bench 97.92 187.79 125.78 195.6
bench 229.55 178.23 333.0 238.79
bench 85.58 85.99 150.63 94.2
bench 3.92 180.84 67.67 193.99
bench 229.17 215.98 294.79 239.33
bench 180.73 214.81 219.76 220.74
person 188.43 181.94 214.53 216.62
person 66.85 222.2 102.66 276.28
person 0 0 332 499
bench 4 179 229 232
