pottedplant 433.98 81.48 576.65 227.13
pottedplant 20.1 267.09 107.22 348.46
sofa 143.22 177.97 459.75 346.73
sofa 304.67 198.68 509.53 364.57
person 16.02 185.17 79.43 298.04
person 63.67 180.52 154.37 297.14
person 185.68 243.13 620.66 426.0
person 273.52 103.97 332.6 181.17
person 202.49 66.48 273.17 359.71
cell-phone 77.18 188.58 84.2 204.13
book 372.12 354.5 456.76 407.15
book 2.53 366.89 72.11 393.57
cup 200.61 152.69 215.3 174.99
book 81.07 300.33 115.6 319.24
sofa 337.64 220.96 639.53 418.71
