car 403.15 241.57 448.83 304.97
car 45.03 236.82 99.82 267.73
traffic-light 213.22 139.92 253.58 194.7
person 78.01 212.01 316.39 633.86
person 0 243.95 136.32 592.65
person 311.02 227.64 334.53 281.48
person 293.04 229.75 305.71 278.22
person 257.01 234.4 271.34 277.26
person 243.62 229.77 255.27 277.44
person 300.58 112.18 477.48 628.49
handbag 93.11 329.89 233.06 640.0
person 309.85 252.2 314.1 273.74
person 279.02 226.23 293.81 276.38
car 336.85 236.11 398.34 279.64
traffic-light 209.46 188.85 223.26 221.76
traffic-light 198.42 187.95 208.25 211.24
traffic-light 356.14 206.1 364.92 223.15
person 270.53 230.94 280.38 276.57
person 215.07 223.54 232.0 277.55
person 0 219.04 109.79 358.65
car 135.36 230.01 150.01 251.87
handbag 265.55 242.94 275.94 258.73
handbag 324.75 236.42 333.39 260.14
car 395.54 240.18 425.75 272.47
