cow 192.85 37.88 585.25 290.65
person 315.69 74.98 431.65 284.3
person 41.67 127.18 117.43 306.98
person 0 120.95 76.7 301.37
person 34.17 334.51 122.05 425.0
person 271.24 315.17 369.61 425.0
person 242.58 264.55 418.31 419.27
person 507.13 379.05 579.14 424.57
person 517.16 290.04 559.03 349.97
person 346.69 272.19 429.78 399.21
person 34.39 258.09 159.81 368.75
person 79.77 369.41 161.8 425.0
person 151.46 357.74 212.85 425.0
truck 1.05 1.05 194.14 210.93
person 125.84 292.67 194.63 362.09
person 0 153 639 424