car 41.36 299.01 137.46 369.93
car 574.77 311.69 640.0 425.88
car 0 293.68 58.12 375.64
car 546.99 313.23 593.32 346.48
car 496.03 314.05 536.21 340.96
bus 170.82 238.56 408.39 364.03
truck 408.67 299.31 476.41 353.63
person 244.82 267.85 271.05 294.99
car 472.8 313.48 499.79 338.63
car 530.88 314 551.61 333.45
car 591.86 315.52 611.97 336.84
umbrella 2.88 269.87 66.21 290.02
umbrella 99.65 276.6 143.14 292.87
umbrella 125.83 278.87 157.8 293.25
umbrella 148.9 279.88 176.09 293.93
umbrella 47.81 271.98 88.03 301.59