person 31.11 39.02 266.02 608.14
person 274.08 80.36 493.63 533.81
remote 153.35 159.41 192.05 228.85
person 173.57 64.82 222.66 130.5
person 57.51 42.33 90.96 87.56
wine-glass 311.66 122.12 322.24 144.25
wine-glass 203.61 130.44 212.68 148.58
wine-glass 214.65 129.42 223.79 149.38
wine-glass 303.32 115.26 317.46 143.92
remote 360.3 141.69 375.78 188.26
remote 240.01 105.05 255.24 131.55
remote 449.69 161.84 466.04 181.57
person 0 35.48 31.98 232.64
diningtable 160.08 115.13 237.55 150.97
diningtable 270.13 137.29 338.6 147.61
