bicycle 293.62 284.46 414.38 426.94
bicycle 427 278.38 605.53 421.94
car 98.37 175.63 119.99 189.68
motorbike 597.47 191.48 636.7 228.37
person 264.24 156.17 419.34 421.37
person 167.92 275.39 263.88 422.2
person 54.62 315.28 191.36 427.0
person 387.66 141.85 524.87 419.16
person 363.91 161.81 403.95 245.51
teddy-bear 243.04 194.16 370.91 352.62
person 1.92 290.74 37.42 427.0
backpack 146.43 230.31 170.51 272.38
person 155.58 130.99 244.55 305.19
bicycle 229.87 258.85 263.67 327.27
bicycle 316.08 309.71 347.3 415.67
bicycle 165 243.97 239 270.31
cup 118.81 225.12 148.62 278.23
