person 452.88 149.26 537.83 394.44
surfboard 420.28 137.91 509.5 315.28
surfboard 300.42 82.45 355.76 318.49
surfboard 266.13 185.54 316.88 322.84
surfboard 257.68 128.96 301.94 228.39
surfboard 253.01 86.14 297.17 198.56
surfboard 220.87 109.89 255.35 194.93
surfboard 443.86 178.1 474.35 292.17
surfboard 355.66 158.62 394.41 210.03
surfboard 360.19 134.7 393.62 185.33
surfboard 352.35 72.78 415.69 302.28
surfboard 527.25 142.34 548.24 219.93
surfboard 353 192.49 404.06 326.22
surfboard 21.21 180.21 72.22 355.75