sports-ball 303.8 19.57 312.67 28.64
chair 493.7 94.1 530.14 114.14
chair 557.82 130.73 586.35 146.46
tennis-racket 179.74 125.82 233.83 177.35
person 170.98 113.08 260.83 381.24
person 73.25 141.12 122.55 182.47
person 175.41 144.09 205.58 181.26
person 116.79 103.47 148.33 153.99
person 171.61 108.27 202.48 153.17
person 169.73 89.15 205.31 140.34
person 201.76 108.18 235.47 143.26
person 187.85 63.2 241.34 142.65
person 314.97 100.31 349.48 156.4
person 437.05 125.58 471.61 156.26
person 160.42 45.93 182.8 81.84
chair 539.59 150.96 566.85 170.48
chair 355.49 110.72 384.67 132.78
chair 570.34 150.08 601.69 170.89
chair 599.95 151.25 629.35 169.24
chair 585.76 129.51 615.8 159.56
chair 518.9 93.24 549.57 113.06
chair 480.48 76.11 507.71 105.73
chair 530.55 75.43 561.0 94.23
chair 412.06 112.05 440.52 131.02
chair 556.94 75.73 580.01 90.41
person 103.53 47.95 135.75 97.36
chair 390.67 38.48 414.95 43.47
person 121.11 143.57 150.41 181.51
chair 1 2 632 168
person 5 0 639 178
