person 110.43 66.14 146.29 194.44
person 126.83 6.35 157.22 88.5
person 176.11 22.26 231.95 148.97
person 174.9 13 208.43 62.24
teddy-bear 96.36 87.12 216.32 256.2
backpack 31.5 262.8 113.83 315.77
backpack 140.51 41.31 182.48 88.86
backpack 36.77 65.61 78.52 113.46
backpack 56.59 49.52 64.34 69.06
backpack 81.64 55.46 108.95 94.42
backpack 72.34 47.47 90.71 81.28
backpack 203.57 214.51 240.0 320.0
backpack 44.6 111.68 82.25 172.6
backpack 0 47.11 20.89 89.42
person 192.81 44.99 239.77 264.41
person 214.25 16.36 236.69 69.32
person 46.71 28.04 76.11 120.27
person 15.19 41.02 64.96 171.12
person 79.91 31.61 110.64 106.46
person 0 28.49 28.43 128.26
teddy-bear 109.87 47.31 124.66 66.52
person 71.19 22.39 91.27 95.72
person 36.91 85.86 126.06 268.81
person 40 1 191 33
