baseball-bat 211.69 35.48 241.07 160.75
person 21.57 110.74 307.78 500.49
person 188.4 325.03 419.96 568.09
person 236.18 22.86 293.59 88.75
person 284.23 58.14 326.91 125.53
person 45.17 3.75 100.1 103.09
person 14.38 1.44 60.4 122.25
person 339.42 70.66 364.43 103.18
person 247.85 60.41 295.26 123.63
person 328.07 6.18 365.24 57.81
person 155.22 42.01 190.24 100.94
person 389.37 63.02 426.0 128.77
baseball-glove 192.38 433.04 238.89 474.41
person 114.82 9.61 150.19 72.88
person 380.11 42.99 421.39 95.4
person 1 0 425 163
