tvmonitor 235.11 91.74 325.32 170.43
cat 499.92 255.71 536.97 276.63
sofa 1.84 280.73 277.05 422.48
sofa 481.27 243.94 640.0 423.96
clock 325.24 89.89 343.47 110.78
book 566.92 167.84 584.33 186.01
book 607.9 177.13 612.35 191.67
book 593.19 173.91 595.48 188.34
handbag 447.4 218.17 468.53 243.15
cup 457.79 266.23 474.6 292.61
fork 478.08 285.9 492.13 296.95
chair 480.22 185.31 517.64 247.43
diningtable 383.6 260.56 516.73 397.04
book 589.39 172.09 593.57 187.76
book 584.71 170.6 590.63 187.23
book 561.4 207.16 581.5 229.84
tvmonitor 518.55 176.96 540.5 193.92
tvmonitor 494.58 173.07 513.14 188.92
book 572.12 189.78 582.94 194.94
book 587.13 196.04 592.18 209.62
book 592.16 197.54 598.27 210.05
book 596.77 175.04 599.01 188.85
book 598.34 175.1 601.31 189.07
book 606.21 171.91 612.11 191.17
book 565.57 185.76 570.53 204.12
person 521.65 230.67 627.07 338.1
book 517 153 625 236