sheep 168.9 413.03 243.45 517.05
sheep 65 473.44 235.39 640.0
sheep 191.3 422.49 335.08 598.03
sheep 88.82 387.02 207.22 488.74
person 266.83 217.03 410.86 466.45
person 250.08 237.64 318.97 364.58
person 150.37 252.25 212.6 389.14
person 94.62 291.24 161.89 425.76
person 0.42 298.6 101.52 488.25
person 49.95 305.89 123.47 473.99
person 200.75 255.61 249.52 360.56
person 189.73 0 425.0 439.9
person 304.8 189.3 384.26 273.99
sheep 241.63 355.02 353.95 486.3
sheep 0 483.16 146.88 639.04
sheep 199.27 525.72 347.13 638.84
person 36.66 311.37 56.87 339.84
person 100.21 286.19 114.33 310.59
handbag 74.93 393.13 122.16 427.12
handbag 33.65 430.84 84.59 496.88
person 73.56 265.73 88.83 327.8
sheep 270.77 355.96 365.12 452.77
sheep 193.35 354.91 338.09 494.46
cell-phone 230.01 155.86 255.24 186.2
person 230.29 253.29 279.81 360.42
person 0 89 387 591
