person 153.01 94.14 200.91 180.91
person 463.31 264.85 499.12 328.27
person 289.9 62.52 342.48 185.33
person 161.15 129.07 249.93 254.41
person 130.33 138.99 164.63 178.81
person 414.91 111.44 448.68 145.34
person 452.21 119.47 499.58 244.55
person 188.03 93.85 217.15 152.72
person 109.87 90.96 149.69 141.54
person 79.54 93.68 118.17 188.65
baseball-bat 130.31 170.08 166.36 192.16
sports-ball 252.62 215.22 262.5 224.16
baseball-glove 468.03 179.83 487.67 194.21
baseball-glove 90.67 137.22 104.34 155.23
baseball-bat 339.16 290.17 408.22 306.66
chair 1.81 97.84 27.93 137.02
person 38.79 86.48 71.71 141.21
person 0 85.89 20.99 135.91
person 245.45 107.4 279.41 156.85
chair 111.33 100.83 143.37 145.68
chair 191.59 103.57 222.29 148.36
chair 330.23 115.03 343.35 147.83
chair 468.64 109.26 491.97 125.9
chair 36.78 101.15 78.35 140.65
person 60 0 499 331
