pottedplant 289.19 140.48 314.74 200.65
pottedplant 260.68 152.63 279.01 200.52
tvmonitor 339.24 143.4 406.82 211.47
chair 213.5 232.37 335.89 370.4
chair 244.23 286.67 337.65 410.43
chair 444.65 313.01 570.81 422.41
chair 406.71 244.16 492.48 338.23
sofa 14.72 201.08 179.45 327.15
diningtable 307.75 324.58 500.09 422.67
vase 438.14 237.7 452.21 271.28
vase 381.51 331.81 401.79 368.01
bottle 418.58 76.16 431.99 108.43
bottle 413.31 78.64 421.97 109.76
bowl 566.47 34.48 616.14 123.32
bowl 610.43 128.1 640.0 227.59
bowl 531.15 117.14 561.15 185.06
pottedplant 428.71 201.89 457.69 270.69
pottedplant 357.98 280.41 419.14 368.95
chair 240.48 369.41 339.3 427.0