zebra 128.63 248.72 213.34 298.6
zebra 345.76 248.35 426.8 290.55
zebra 518.14 233.54 574.42 290.61
zebra 262.95 243.1 350.76 292.34
bird 486.65 219.09 498.03 227.78
bird 407.1 198.71 414.48 206.37
bird 389.23 222.9 395.18 229.28
bird 420 217.25 424.66 222.5
bird 441.64 240.53 445.62 243.69
bird 461.04 213.29 465.88 220.02
bird 505.41 224.81 509.85 230.47
bird 518.67 205.77 521.84 208.66
bird 364.73 222.34 371.84 234.09
bird 332.93 207.03 342.85 212.57
bird 394.88 219.77 403.29 232.53
bird 525.05 203.74 529.98 207.13
bird 466.63 244.39 471.66 250.06
bird 0 169 639 250