tvmonitor 348.84 19.34 465.62 162.15
chair 20.95 34.14 234.31 360.0
chair 0 0.64 43.62 49.1
laptop 228.4 31.95 336.47 143.62
mouse 339.73 192.16 377.84 220.54
keyboard 253.56 142.15 363.68 207.15
book 548.69 117.56 605.43 147.16
handbag 218.99 186.12 324.59 287.3
bottle 602.36 104.31 611.87 127.23
bottle 208.55 10.64 218.23 22.86
tvmonitor 479.73 2.29 558.2 73.48
tvmonitor 573.14 5.66 639.93 120.45
cell-phone 208.94 114.66 226.19 122.96
keyboard 54.51 22.08 81.15 25.22
backpack 218.74 193.73 321.31 285.71
