truck 153.33 359.81 309.44 439.83
person 219.96 381.12 232.31 407.75
car 434.78 408.1 631.44 504.16
car 306.02 386.98 396.43 425.69
car 184.66 423.75 441.32 510.7
car 58.3 391.34 160.41 431.86
car 510.88 381.13 618.22 410.56
parking-meter 438.65 442.81 447.76 466.41
car 388.54 384.63 483.4 420.88
car 335.92 375.92 386.05 388.9
car 6.71 400.17 42.97 433.74
car 576.65 368.43 621.24 383.67
car 83.14 375.24 110.62 385.67
car 163.39 374.26 195.43 385.85
car 420.27 373.82 441.52 381.15
parking-meter 146.48 448.02 200.44 509.85
