bicycle 347.19 373.51 415.87 475.48
bus 2.16 143.73 327.91 278.56
handbag 499.42 269.03 510.73 291.36
handbag 195.99 264.86 219.45 298.72
person 369.61 307.65 444.26 474.43
person 96.9 206.17 151.79 380.68
person 31.12 201.04 102.0 396.58
person 157.26 236.31 194.42 365.93
person 196.59 217.26 254.94 366.43
person 497.11 251.37 518.28 311.85
person 271.24 230.94 307.66 277.16
person 535.32 247.27 553.65 303.59
person 342.04 233.98 376.82 332.89
train 1.08 139.86 330.4 283.0
backpack 423.41 254.58 432.56 273.71
backpack 146.66 267.95 163.32 314.37
backpack 87.8 228.93 123.69 277.16
backpack 325.5 250.12 343.65 279.9
backpack 357.11 250.78 377.34 276.17
backpack 241.06 235.07 276.61 277.17
handbag 470.42 276.06 477.75 291.61
handbag 411.38 258.01 422.54 274.64
person 298.44 234.67 340.56 342.35
person 368.01 233.31 396.82 275.44
person 396.5 243.3 413.6 274.85
backpack 343.35 248.07 364.52 280.25
person 411.64 239.28 421.3 261.26
bicycle 485.4 280.88 501.97 304.09
handbag 448.88 268.63 455.43 284.84
handbag 535.61 276.86 541.34 285.18
backpack 382.76 250.21 399.57 279.58
person 236 209 639 372