chair 20.27 180.23 58.42 199.08
chair 23.34 126.99 62.49 144.47
person 101.89 80.83 272.88 514.5
person 223.2 194.24 274.37 265.16
person 32.98 180.54 91.81 241.9
person 0.06 179.44 33.08 243.48
person 203.87 10.13 269.61 84.69
baseball-glove 182.08 209.46 231.83 260.44
person 0 58.22 74.69 138.67
person 88.13 0.39 138.82 100.05
person 133.43 3.89 174.73 62.13
chair 23.85 145.35 69.94 164.93
chair 64.39 126.84 106.27 147.51
chair 26.46 164.66 69.83 183.66
chair 0 161.42 29.41 182.97
chair 58.82 108.31 103.67 127.31
chair 103.4 108.13 139.18 129.29
person 207.74 120.33 249.87 184.12
person 163.16 0.52 213.04 57.86
chair 0 144.15 23.78 161.52
chair 1.16 127.2 21.21 145.34
chair 65.03 144.36 106.32 164.82
person 291.52 192.77 329.0 264.41
person 78.2 173.06 110.42 244.31
person 267.3 180.62 295.96 229.29
person 216 50 328 240
