chair 81.36 232.72 145.17 277.02
chair 149.56 221.52 178.06 253.52
chair 615.44 334.15 639.85 439.33
chair 620.38 261.75 640.0 340.02
diningtable 116.48 419.56 640.0 480.0
person 0 115.14 352.43 475.14
person 36.93 157.17 144.74 299.93
person 0 158.81 33.5 245.58
cup 410.97 428.22 474.61 474.61
pizza 196.31 332.22 303.1 410.97
person 581.7 174.76 640.0 276.26
person 116.85 164.38 165.37 257.75
person 296.55 153.89 360.67 357.99
cup 327.03 248.29 350.96 262.64
pizza 366.94 451.95 412.95 480.0
chair 1.4 316.57 50.81 412.98
chair 0.06 247.45 23.77 318.36
person 347.33 100.31 633.17 471.37
person 504.6 155.32 624.01 335.05
person 371.42 209.73 423.81 276.14
chair 325.76 310.65 341.35 353.28
diningtable 18.75 235.22 28.56 241.3
cup 492.21 411.57 610.06 480.0
cup 30.17 219.84 47.71 241.86
cup 5.06 216.81 22.13 244.88
cup 180.58 460.69 255.9 480.0
diningtable 0.35 240.78 56.07 318.26