tvmonitor 218.97 239.53 349.48 345.24
cup 420.61 373.58 460.58 415.39
laptop 0 286.74 162.88 426.97
keyboard 199.12 403.45 369.64 442.76
keyboard 216.81 376.45 371.06 407.73
book 564.33 318.74 609.02 349.88
book 559.95 384.66 616.32 409.44
keyboard 22.6 366.38 128.65 407.21
tvmonitor 358.07 237.81 495.12 362.51
tvmonitor 190.43 67.11 276.54 155.84
book 167.11 199.33 180.81 267.58
book 129.44 199.97 141.79 256.01
book 145.52 200.27 160.09 260.42
book 495.84 408.19 536.83 428.97
book 138.45 202.4 149.36 256.38
book 160.11 194.07 174.43 263.17
book 188.21 308.14 195.38 342.58
book 180 309.75 186.64 339.71
book 569.57 377.09 635.89 402.32
book 143.51 289.84 177.54 344.79
book 533.23 457.04 606.83 480.0
mouse 472.72 370.12 504.72 399.09
book 122 270 639 479