carrot 157.36 261.97 189.52 289.09
oven 5.76 0 639.06 420.28
carrot 222.51 309.84 278.45 342.67
carrot 247.04 262.16 278.26 286.86
carrot 275.64 189.96 302.88 214.04
carrot 85.4 249.32 113.23 281.95
carrot 157.52 161.54 177.1 193.83
carrot 198.9 305.98 224.54 335.49
carrot 313.34 292.51 342.55 328.33
carrot 187.91 219.02 203.59 251.65
carrot 156.05 241.99 185.2 264.06
carrot 164.18 142.67 198.71 173.7
carrot 349.49 139.24 383.09 170.28
bottle 0 0 80.79 201.1
carrot 147.94 161.28 166.11 195.27
carrot 108 110 452 353