sports-ball 199.53 71.4 212.72 84.31
chair 616.53 91.27 621.34 100.56
person 424.67 194.6 640.0 449.0
person 414.05 131.12 438.93 175.21
person 463.96 132.56 481.43 176.23
person 600.45 126.45 617.07 180.88
person 126.69 87.92 195.61 213.6
baseball-glove 379.83 316.78 442.46 381.11
chair 554.77 59.14 564.8 64.24
chair 582.68 50.34 588.98 53.6
chair 586.76 32.14 590.22 34.75
chair 421.59 78.68 430.66 82.42
chair 551.58 38.26 557.01 41.09
chair 375.66 77.9 384.45 82.3
chair 512.05 57.22 518.75 60.4
chair 467.79 87.29 476.61 97.47
person 523.23 120.75 533.89 132.86
person 486.71 124.27 496.75 133.03
person 501.2 122.74 508.04 133.28
person 519.81 82.16 526.99 100.74
person 599.42 52.45 604.62 62.02
person 89.27 134.78 99.99 160.28
person 74.33 131.14 84.86 160.41
chair 551.11 53.05 558.23 57.57
chair 568.09 44.58 572.97 46.99
chair 573.99 34.8 578.32 37.81
person 82.07 133.93 91.58 160.23
chair 357 8 639 95
person 56 11 639 165
