chair 400.13 372.31 503.76 421.24
chair 33.66 364.01 124.06 422.67
cup 215.92 344.42 241.04 368.03
cup 277.38 311.16 292.17 336.44
cup 199.45 333.76 219.79 364.28
cup 327.59 305.86 344.54 343.58
fork 236.53 370.78 276.26 395.15
diningtable 166 314.8 392.46 407.87
person 0.07 248.2 93.83 427.0
person 72.62 219.62 141.49 340.59
person 82.52 248.52 202.47 421.24
cup 192.41 321.31 211.77 349.56
knife 288.35 373.83 305.7 392.47
knife 331.64 369.98 363.33 375.35
spoon 336.24 369.14 362.49 377.48
bowl 188.12 365.04 255.15 388.92
chair 188.31 278.3 207.59 323.36
person 293.62 236.05 476.9 421.24
person 465.38 230.29 570.93 427.0
person 0 214.1 26.81 296.22
person 369.52 211.82 409.27 326.88
person 451.13 198.05 604.37 371.83
person 250.44 222.62 349.28 316.65
handbag 560.43 339.03 611.25 426.33
bottle 238.77 312.47 249.84 353.57
bottle 342.21 308.85 352.47 349.61
bottle 289.53 316.79 301.39 341.19
wine-glass 255.77 309.42 273.08 341.18
wine-glass 267.32 304.09 282.93 332.43
cup 313.55 318.49 336.6 344.27
cup 266.63 302.69 284.76 317.49
cup 349.89 334.37 370.96 357.1
cup 248.18 324.9 258.71 351.64
cup 225.6 305.48 245.52 318.43
chair 556.13 316.37 599.46 404.77
chair 259.05 272.98 334.34 279.34
bowl 306.14 362.77 367.29 389.2
cup 324.49 342.29 356.13 363.38
cup 247.07 306.12 263.93 326.55
cup 215.7 325.89 236.46 343.22
cup 241.36 311.46 247.22 317.26
cup 216 307 362 357
