bicycle 467.67 178.52 502.46 195.79
bus 96.61 189.12 223.18 318.58
bus 228.91 133.93 294.31 222.42
bus 576.16 159.42 640.0 234.36
bus 293.68 100 341.82 159.87
person 530.22 154.93 548.39 193.97
bicycle 489.55 176.3 506.73 193.48
bus 306.81 142.19 377.99 216.24
bus 450.32 74.82 478.79 107.59
person 471.61 157.21 494.33 198.79
person 129.88 176.87 141.3 198.73
bus 572.81 71.52 609.89 109.1
bus 325.12 71.39 347.64 100.48
person 116.62 167.62 127.71 199.89
person 205.77 125.36 214.89 154.3
person 234.25 110.35 243.52 135.28
person 1.05 256.02 17.18 312.62
car 330.67 199.4 379.62 240.94
car 417.74 262.37 500.05 338.05
car 298.46 251.05 373.61 319.82
car 267.78 217.95 325.54 267.07
car 176.97 298 254.88 364.36
bus 362.04 118.05 424.51 194.73
bus 340.02 91.93 382.12 143.18
person 187.85 137.89 203.55 167.18
person 221.12 112.83 228.33 137.84
person 482.59 158.83 488.79 173.78
person 108.3 183.75 123.18 207.2
car 421.29 139.21 452.1 179.66
car 412.27 110.01 436.02 124.46
car 318.84 309.08 393.43 371.44
car 307.13 227.09 373.64 272.79
car 517.77 114.75 552.4 136.67
car 503.39 138.47 540.92 165.43
car 409.44 176.89 455.73 212.2
bus 355.08 87.09 389.32 119.92
car 584.03 122.14 623.16 158.51
bus 357.25 71.3 384.78 90.16
person 68.17 212.17 80.3 248.29
bus 594.44 79.48 631.47 121.29
person 155.84 170.48 174.9 189.63
car 91 61 639 322
bus 379 72 521 283