tie 268.28 274.86 305.04 368.35
tie 399.03 180.54 431.11 346.87
person 231.65 185.08 367.5 374.16
person 336.54 65.8 530.7 459.51
person 440.31 83.39 487.94 149.64
person 508.64 139.81 578.64 263.6
person 300.41 82.71 342.03 231.1
person 214.6 96.9 241.39 175.37
person 123.92 101.29 142.02 120.96
person 101.5 106.36 119.01 142.02
person 81.26 99.41 95.35 133.0
person 176.48 116.88 196.64 139.55
laptop 35.76 267.9 173.72 343.72
person 416.22 87.13 431.37 116.08
chair 522.3 296.69 640.0 480.0
chair 327.72 166.22 376.22 249.31
chair 129.16 151.91 159.89 210.81
chair 185.89 142.8 224.51 194.93
chair 21.86 219.02 68.35 259.39
chair 253.28 159.48 279.25 185.44
tie 49.96 351.19 288.74 449.96
tie 125.18 375.67 353.84 478.73
tie 81.08 384.51 311.88 472.54
tie 164.37 382.01 364.95 479.65
tie 15.19 357.42 114.25 392.46
chair 57.15 232.63 109.4 274.65
chair 168.24 153.92 199.15 212.48
chair 49.94 192.26 76.79 228.06
chair 272.92 161.14 330.38 235.93
chair 0 171.98 11.65 217.8
person 247.77 143.58 260.98 156.96
handbag 590.32 51.11 633.44 137.05
person 16.56 103.75 32.19 120.62
diningtable 0 238.61 132.77 329.32
tie 0 336.85 104.3 375.99
tie 104.11 370.01 336.84 432.76
chair 357.74 276.3 398.87 327.44
chair 14.8 185.73 58.46 246.75
chair 0 121 329 256
person 136 98 364 169