motorbike 366.81 311.35 452.21 377.36
boat 207.79 272.69 268.19 286.07
boat 225.85 280.49 286.97 299.48
person 372.29 267.53 378.99 284.08
person 380.49 265.75 384.55 280.14
person 383.77 265.81 389.22 282.09
person 462.07 267.86 465.44 278.96
truck 150.33 288.74 277.12 363.0
person 377.82 267.73 381.55 282.47
person 427.84 272.41 434.51 279.67
boat 280.83 276.41 327.02 291.01
boat 332.52 208.75 373.61 282.9
boat 571.89 265.22 587.2 270.15
boat 297.68 263.47 350.83 287.53
bench 115.99 335.23 220.54 386.99
umbrella 467.58 266.66 480.25 273.15
kite 310.6 183.89 326.46 189.21
kite 307.86 166.61 311.99 171.1
kite 294.98 144.03 297.05 146.34
kite 357.78 228.79 366.04 234.15
kite 333.89 202.44 338.67 206.65
kite 385.79 253.31 392.87 256.32
kite 346.17 214.34 349.64 217.03
person 458.59 268.43 461.56 278.74
person 500.29 273.39 505.81 278.91
person 493.66 273.21 498.91 279.88
person 419.23 267.92 424.14 279.16
person 472.35 270.79 475.99 274.69
boat 164.62 163.86 199.66 293.74
person 390.74 271.16 394.72 278.07
person 414.18 267.71 419.65 279.12
boat 601.5 264.23 636.2 274.04
umbrella 618.35 265.79 620.91 267.66
chair 604.53 274.15 625.66 288.61
person 462 267 592 296