tvmonitor 108.02 223.46 189.81 371.6
tvmonitor 12.32 233.06 64.68 314.68
bottle 280.4 319.68 298.27 375.0
bottle 216.71 308.97 236.72 358.46
bottle 216.08 263.2 229.09 307.14
chair 259.54 225.93 281.1 306.36
person 311.98 125.39 399.88 352.08
person 269.8 192.77 328.73 339.0
person 60.67 96.91 153.37 239.33
diningtable 160.11 337.08 367.42 370.79
cup 238.83 328.45 263.51 364.75
cup 235.26 287.56 248.48 312.33
laptop 0 342.13 74.16 370.79
mouse 249.08 357 281.0 371.3
person 158.47 72.94 204.69 123.55
tvmonitor 0.36 291.48 13.0 353.8
person 124.72 93.54 221.63 295.79
person 166.85 95.22 227.53 238.48
tvmonitor 45.23 233.84 113.96 375.0