chair 310.31 323.16 363.54 392.47
chair 607.5 362.72 640.0 472.14
diningtable 238.92 323.78 608.65 472.97
bowl 352.36 388.33 471.79 464.42
banana 365.94 411.93 430.06 433.93
sink 64.25 262.83 252.25 315.86
scissors 409.29 174.35 419.63 194.58
scissors 423.05 174.24 435.88 188.2
knife 141.16 147.59 181.4 156.4
knife 149.15 159.75 177.64 166.65
knife 148.81 173.81 179.17 181.57
knife 154.43 189.16 173.88 191.64
chair 371.19 213.98 459.07 351.13
chair 446.68 311.56 581.44 340.33
oven 456.76 148.03 565.09 266.21
oven 454.11 281.53 558.74 324.67
clock 39.87 0.85 89.64 42.1
knife 154.45 184.18 176.58 186.37
knife 155.56 193.88 174.63 196.13
knife 153.75 196.1 175.13 199.66
knife 156.44 206.06 174.05 208.9
knife 138.49 208.01 143.69 246.38
knife 377.64 260.68 382.04 304.69
knife 384.72 266.04 391.91 296.09
knife 401.78 258.18 409.61 297.74
bowl 161.49 246.57 177.88 259.37
bowl 300.1 226.99 318.81 240.86