dog 201.78 306.48 232.99 323.2
boat 201.67 193.27 248.99 264.5
boat 51.59 200.48 115.51 256.53
person 412.09 265.76 436.23 345.45
person 469.1 286.35 490.43 343.56
person 293.73 251.87 301.18 289.15
person 496.79 262.64 516.11 337.66
person 571.69 244.39 581.09 267.73
person 350.76 249.64 364.08 283.98
person 332.53 247.49 342.51 280.13
person 238.16 245.92 247.39 264.47
person 488.09 276.28 504.45 341.96
person 540.28 242.88 567.98 269.61
person 478.19 249.45 487.38 263.97
person 314.96 251.1 325.73 282.58
boat 183.46 209.22 213.46 240.29
boat 529.61 259.72 558.02 269.1
boat 464.4 188.93 508.29 263.0
boat 513.16 187.57 552.79 255.15
person 344.81 252.55 351.17 276.42
boat 357.18 228.18 376.81 234.63
boat 255.78 174.48 339.57 283.26
boat 587.09 232.07 613.68 235.94
boat 443.07 230.85 459.31 233.72
person 96 222 621 286