tennis-racket 168.74 185.68 211.3 245.49
tennis-racket 417.61 325.66 463.45 379.15
person 398.24 129.24 486.31 426.0
person 105.59 136.53 176.97 370.58
person 447.54 116.28 503.23 186.47
person 444.38 69.93 522.13 153.09
person 351.67 0 392.45 137.02
person 506.22 0.45 563.67 51.24
person 264.22 116.79 374.31 404.94
person 385.61 0.24 423.28 138.33
person 249.17 79.7 304.05 139.1
person 112.11 82.54 153.24 142.52
person 50.74 87.62 109.3 139.3
person 210.53 93.64 254.42 137.53
person 536.51 65.93 610.63 150.73
