umbrella 408.81 149.93 640.0 255.64
umbrella 237.8 194.84 364.49 267.01
umbrella 366.94 202.43 433.61 230.75
person 509.73 303.23 596.27 352.06
person 94.89 328.2 171.31 410.63
person 342.99 249.68 366.79 275.93
umbrella 211.78 195.36 245.82 214.73
umbrella 1.08 181.03 25.89 209.08
book 130.46 363.15 171.39 394.09
person 361.28 221.44 376.48 269.5
person 337.15 225.88 357.43 271.49
person 366.19 246.97 402.34 281.71
person 421.37 252.89 438.68 273.48
person 298.53 235.79 310.21 270.2
person 223.07 229.46 237.21 249.16
person 630.9 267.01 640.0 284.71
person 541.09 254.81 544.83 260.93
person 234.89 244.28 242.93 253.35
cup 207.89 398.38 220.9 418.56
chair 137.14 397.71 402.7 472.52
chair 308.61 270.79 415.91 342.4
chair 269.3 268.37 321.75 337.83
chair 210.03 263.84 284.09 326.3
chair 177.26 258.82 221.59 320.13
chair 94.02 251.2 168.8 307.6
chair 69.65 248.7 106.76 306.25
chair 41.75 246.93 86.44 303.11
chair 45.57 332.2 155.51 479.69
chair 421.93 301.72 470.27 355.78
person 209.85 238.12 220.21 251.86
chair 15.74 246.29 52.82 298.02
chair 0.47 242.33 35.1 291.43
umbrella 0 168.5 253.03 329.3
person 36 227 626 408