bench 470.22 254.86 594.76 392.53
person 106.33 106.49 152.56 193.4
car 384.86 106.98 409.08 132.04
truck 292.32 102.19 347.05 123.11
handbag 119.61 125.6 136.63 159.51
person 199.61 121.92 235.55 170.16
person 226.72 120.96 239.11 165.95
person 222.65 119.33 230.89 133.02
person 410.38 197.52 561.24 377.78
person 484.36 123.82 512.23 171.54
person 272.08 113.09 281.82 132.29
person 458.74 118.41 500.81 165.47
person 431.89 119.75 448.73 151.88
person 321.59 124.18 342.22 147.61
person 403.75 105.24 416.85 143.54
person 458.73 119.25 467.98 131.58
person 452.95 119.42 461.06 133.24
person 164 95 485 185