car 125.67 160.79 170.03 206.99
car 448.82 182.37 580.39 260.78
cell-phone 118.05 163.65 123.77 169.56
truck 0 68.17 100.61 233.08
handbag 126.18 204.06 137.06 233.99
person 86.52 127.47 143.19 267.48
person 15.05 134.86 77.57 274.44
person 194.38 137.17 211.24 193.59
person 152.68 141.17 166.17 181.01
person 210.74 133.68 224.09 155.85
person 247.21 137.29 260.07 149.97
person 164.95 140.33 185.89 193.42
person 613.44 146.04 640.0 245.01
person 567.88 156.73 578.85 189.64
person 69.59 142.43 99.29 247.81
person 224.11 137.26 240.85 151.8
person 178.57 138.84 191.43 191.49
cow 199.69 124.8 548.03 374.41
person 159.59 137.4 170.83 177.19
car 611.91 147.16 621.68 196.65
