person 157.97 50.72 353.91 285.62
person 270.73 57.19 391.25 209.1
person 38.83 65.12 80.71 193.55
person 83.45 47.44 144.7 115.58
backpack 557.75 81.85 589.78 102.52
backpack 591.63 70.65 599.63 92.1
handbag 136.25 88.55 154.4 140.79
person 476.32 56.44 499.52 92.96
person 458.04 65.04 485.3 149.75
person 320.45 71.11 352.27 93.53
person 350.76 62.79 392.21 110.16
person 513.22 53.09 533.63 93.71
person 100.69 74.03 151.35 188.02
person 146.47 62.87 184.44 183.85
motorbike 123.17 159.36 557.44 483.16
motorbike 337.41 108.23 511.12 216.8
person 27.69 51.01 63.36 108.9
person 521.14 66.78 562.13 190.28
handbag 373.47 89.46 380.21 95.73
person 0 37 639 125