traffic-light 162.23 111.39 224.48 174.6
person 217.81 497.44 228.24 528.72
car 119.19 502.52 172.71 544.66
car 185.96 502.52 227.72 529.52
car 240.19 503.07 258.82 519.11
car 319.54 499.41 350.88 523.48
car 308.12 500.61 323.45 514.77
car 154.46 500.26 187.13 535.69
car 226.34 504.68 236.0 518.84
car 255.15 503.24 264.5 517.13
car 262.06 503.76 275.51 514.62
traffic-light 266.53 445.98 277.98 456.35
traffic-light 387.44 466.87 393.89 480.98
traffic-light 163.57 474.15 172.01 489.37
traffic-light 363.57 461.33 371.88 480.14
pottedplant 57.86 499.17 76.17 542.54
traffic-light 249.01 414.69 265.81 429.39
