person 464.62 87.61 499.43 134.28
suitcase 296.92 51.76 340.42 76.47
suitcase 254.86 34.35 296.12 72.01
suitcase 224.92 30.16 252.34 71.94
suitcase 196.86 41.85 227.16 82.68
suitcase 182.85 89.07 214.89 130.18
suitcase 205.56 77.17 236.11 125.0
suitcase 241.52 99.21 263.49 124.78
suitcase 229.24 117.14 251.71 157.53
suitcase 212.17 127.13 230.94 168.42
suitcase 193.96 128.9 215.71 171.62
suitcase 253.24 80.8 298.5 106.58
suitcase 98.03 35.92 142.18 62.11
suitcase 301.37 63.18 336.39 103.92
suitcase 0 0 488 158