motorbike 90.2 68.88 568.05 446.86
person 21.65 35.31 54.49 111.35
person 120.44 9.58 157.39 91.16
person 80.52 62.07 119.98 178.16
person 152.45 22.41 197.77 103.91
person 49.17 70.74 95.09 188.1
person 351.99 69.57 378.41 108.56
person 372.48 62.2 397.58 106.37
person 242.65 75.97 276.64 117.71
person 182.11 61.2 202.47 102.08
person 387.99 78.79 417.56 163.58
person 499.24 107.99 518.42 161.97
person 202.08 50.18 234.66 101.35
person 240.29 64.25 263.97 88.4
handbag 12.93 113.37 53.39 150.61
handbag 584.06 143.88 603.96 169.46
handbag 588.7 105.57 606.18 138.06
person 0 0 639 355