clock 302 105.44 317.02 128.53
clock 329.34 104.37 348.68 127.85
person 561.93 341.23 576.43 393.57
person 580.7 345.09 593.16 384.89
person 597.74 345.82 608.1 383.1
person 588.1 344.15 597.46 382.89
person 490.06 339.86 506.37 388.78
car 91.62 339.78 106.94 356.28
person 504.18 344.32 517.9 387.99
person 629.96 345.66 640.0 388.43
person 303.86 339.96 314.48 377.92
car 73.06 342.53 97.84 363.9
person 558.37 341.24 564.13 379.76
person 159.86 337.04 163.28 348.79
person 294.25 338.58 303.7 377.48
person 311.99 356.82 313.51 362.51
person 573.09 351.94 582.91 373.07