bicycle 360.5 313.09 538.91 434.93
bicycle 178.5 456.57 338.35 480.0
bicycle 132.57 314.89 174.72 341.98
backpack 244.2 401.42 296.51 470.11
backpack 31.34 271.65 64.51 322.31
person 0.17 255.13 65.9 411.0
person 583.87 276.77 640.0 402.33
person 237.3 278.29 273.98 361.35
person 301.55 257.51 361.41 472.09
person 123.77 279.71 152.26 378.83
person 372.46 268.73 411.45 347.92
person 421.94 263.15 458.59 390.42
person 352.24 274.98 375.08 360.73
person 284.99 253.58 331.67 436.73
person 229.58 273.46 248.74 354.41
person 179.98 264.1 224.9 351.46
person 0 246.23 25.34 383.58
bicycle 0 424.66 105.04 474.35
bicycle 441.82 328.91 599.63 416.42
bicycle 428.28 354.31 443.62 380.27
bicycle 277.07 341.44 300.17 377.33
handbag 610.56 298.75 634.38 341.73
handbag 205.95 308.8 225.98 319.73
pizza 121.24 271.26 131.36 273.88
pizza 295 303.1 311.49 322.03
person 71.45 224.89 138.9 431.35
person 150 263 243 360