horse 454.85 335.4 482.49 403.99
horse 485.3 291.69 562.46 441.04
person 124.64 270.97 141.22 331.55
person 257.84 262.93 278.88 319.54
person 554.69 267.23 624.95 384.33
person 604.82 264.95 629.4 309.94
person 424.93 267.55 448.89 310.56
person 30.62 274.56 53.58 347.43
person 167.66 258.52 177.64 277.12
person 415.04 265.08 430.19 290.74
person 407.28 253.96 418.36 284.91
person 481.59 251.82 488.34 270.85
car 579.41 247.82 600.79 260.08
umbrella 0.01 248.03 43.35 266.6
umbrella 17.7 248.2 95.63 287.32
umbrella 425.06 241.42 470.71 252.27
umbrella 197.81 258.16 224.97 267.08
umbrella 96.48 254 141.85 269.12
umbrella 467.21 238.62 502.9 246.55
handbag 454.88 278.17 460.48 292.38
handbag 121.37 281.37 138.03 302.03
person 136.8 270.9 146.42 308.91
bicycle 319.66 281.15 353.41 311.78
car 607.91 246.77 615.65 257.46
person 444.09 264.48 465.59 317.39
person 5 247 639 328