bicycle 200.97 177.64 228.01 205.55
bicycle 197.81 180.75 203.85 194.95
bicycle 195.36 174.19 206.21 193.0
traffic-light 242.43 67.13 259.98 101.8
handbag 362.97 220.3 381.77 246.38
handbag 164.03 174.56 188.3 209.88
person 360.55 166.2 384.48 252.89
person 309.45 164.77 342.89 247.15
person 73.38 150.62 119.82 236.53
person 159.33 157.02 189.24 240.09
person 448.93 160.06 465.58 215.41
person 427.01 165.76 436.56 205.15
person 406.28 161.06 419.03 205.59
traffic-light 279.64 63.81 308.2 99.47
person 154.34 148.42 169.96 214.27
person 480.19 173.39 492.03 217.42
person 331.43 161.36 341.27 185.84
person 467.97 162.6 478.76 212.51
person 346.37 163.01 359.25 192.93
person 176.24 151.5 194.39 200.08
person 184 147 425 218
