chair 367.46 118.06 433.13 186.89
chair 218.35 73.53 279.96 134.56
tennis-racket 241.55 218.68 264.02 271.04
person 199.33 107.17 324.24 311.29
person 380.51 37.97 416.12 83.38
person 105.26 35.47 151.79 82.61
person 138.2 5.65 177.48 78.25
person 492.32 32.24 547.45 83.61
person 297.58 34.25 333.88 82.65
person 417.28 38.16 456.81 82.72
person 325.02 12.87 360.82 68.53
person 331.03 49.38 361.95 82.99
person 74.22 35.5 112.94 83.9
person 543.76 131.11 606.87 203.59
person 459.3 35.18 499.63 83.24
chair 419.41 96.72 485.03 187.46
chair 186.44 20.96 210.04 78.45
chair 234.87 55.34 278.41 77.11
person 256.94 38.72 297.49 85.2
bottle 439.89 171.2 447.32 187.66
person 1 0 639 116
