diningtable 96.93 315.1 502.88 376.64
book 49.77 240.13 58.42 292.51
bottle 456.24 218.3 505.1 318.25
wine-glass 536.63 94.58 564.99 164.96
wine-glass 579 90.53 605.67 161.06
wine-glass 553.82 101.62 573.8 145.59
wine-glass 627.23 124.42 640.0 157.37
wine-glass 389.5 264.07 424.91 311.57
wine-glass 262.54 263.62 286.93 305.28
book 67.68 238.83 74.8 291.18
clock 98.17 171.45 120.25 200.98
vase 291.04 308.81 328.37 350.06
cup 531.37 410.31 558.43 441.84
book 69.72 127.43 79.31 179.74
book 61.28 124.75 68.84 180.18
book 57.17 239.82 67.33 291.08
book 73.39 239.42 81.62 287.75
book 78.08 127.92 85.55 179.59
book 51.81 125.5 66.82 181.48
book 81.42 237.64 92.29 290.32
vase 326.67 311.03 354.32 345.6
vase 488.33 202.3 499.2 273.65
vase 365.12 280.37 399.28 290.49
vase 126.49 273.42 158.57 283.19
cup 558.97 412.27 586.38 447.71
cup 509.25 411.16 531.98 440.15
cup 616.01 414.94 640.0 445.07
cup 481.85 405.95 506.2 440.42
cup 544.57 388.48 553.88 393.22
cup 550.48 398.4 573.41 405.94
cup 536.31 403.68 542.84 408.1
cup 536.18 403.56 562.4 414.19
cup 328.78 309.43 355.99 345.59
bowl 136.97 363.32 188.81 384.8
bowl 184.83 353.85 232.33 371.58
cup 585.16 413.4 616.15 447.81
cup 590.65 406.46 619.46 414.61
cup 604.17 388.01 625.07 398.59
cup 564.45 405.57 591.68 416.46
cup 574.89 401 595.66 407.13
