truck 176.9 225.26 637.48 409.71
person 97.01 283.81 103.23 300.62
kite 389.05 105.93 431.84 132.21
kite 47.24 40.35 61.86 52.29
kite 508.69 50.06 549.5 70.32
kite 372.14 151.78 383.81 163.78
kite 550.2 220.59 558.29 227.34
kite 547.96 240.43 558.26 247.77
kite 341.72 190.08 358.45 211.54
kite 520.92 141.55 549.81 185.2
kite 491.98 80.39 575.85 171.75
kite 613.74 221.96 621.62 229.18
kite 631.65 201.75 640.0 215.34
person 70.46 289.18 76.84 299.1
kite 545.98 135.85 570.74 160.67
kite 38 154 582 300