spoon 0.8 5.45 52.02 72.43
orange 424.86 179.54 500.0 329.83
banana 149.22 66.11 242.45 136.72
banana 274.72 165.57 337.08 213.6
banana 83.43 187.08 165.17 241.85
banana 146.61 213.43 216.42 340.09
banana 16.16 150.73 100.22 252.64
banana 30.54 79.38 187.03 206.31
banana 327.05 115.76 401.24 191.92
banana 272.19 208.15 342.13 283.15
banana 232.85 23.37 314.59 101.49
banana 284.13 81.73 353.49 138.72
cup 391.52 30.23 500.0 176.93
banana 264.7 104.35 331.27 168.37
banana 161.27 34.59 262.31 111.33
banana 215.82 239.75 295.9 336.43
pizza 0 21.06 425.8 374.82
banana 70 173 401 317