car 200.29 409.9 224.4 434.66
car 323.72 411.3 392.27 450.33
car 308.65 408.12 326.37 421.54
person 159.58 408.69 201.55 510.57
person 339.61 378.91 412.69 583.78
car 111.25 416.85 169.18 449.53
car 120.82 411.32 178.73 439.47
car 144.55 409.54 183.66 433.06
person 50.91 401.95 67.39 437.2
person 72.78 409.39 82.56 432.03
car 395.48 411.78 415.59 420.47
car 175.81 408.73 186.31 414.06
person 219.51 406.28 230.29 419.07
person 40.09 408.12 49.4 430.24
suitcase 273.48 444.07 330.95 589.03
person 97.8 399.68 106.58 414.39
person 106.68 403.83 115.67 413.36
person 136.24 401.78 144.62 411.58
car 212.66 404.54 425.99 434.54
car 378.86 407.11 395.61 425.16
car 198.58 404.45 216.05 411.94
suitcase 105.26 452.92 124.75 464.62
car 279.42 404.58 299.37 422.46
person 95.39 414.17 122.51 442.37
bus 265.68 392 306.17 418.75
person 184.42 415.02 286.95 572.16
person 87.17 405.6 96.05 432.17
person 116.59 402.78 123.77 411.24
person 64 394 407 437