person 145.48 95.59 281.93 267.46
person 312.11 81.92 460.63 278.87
person 447.9 89.27 640.0 365.39
laptop 265.58 230.03 491.79 480.0
laptop 328.91 219.58 500.36 330.74
laptop 85.86 211.13 215.07 281.1
laptop 0.92 173.05 263.19 473.2
mouse 460.09 354.85 542.3 383.08
keyboard 458.43 362.43 587.87 472.45
person 563.75 47.94 613.85 123.61
person 2.16 95.43 104.63 192.51
person 523 410.09 640 475.17
person 367.18 59.06 402.8 87.87
person 276.76 60.68 366.47 198.85
cup 32.75 256.44 76.78 319.51
laptop 444.38 105.74 480.58 158.72
keyboard 318.4 362.33 428.68 461.76
keyboard 403.11 283.11 471.37 320.71
keyboard 1.08 279.37 31.28 307.42
cup 250.65 417.12 314.52 480.0
cup 251.59 380.35 328.25 476.48
cup 356.25 281.88 405.0 363.13
keyboard 189.52 253.97 209.94 268.31
person 457.98 68.75 536.35 222.15