tvmonitor 190.52 81.95 274.77 179.61
chair 367.31 134.99 618.92 412.31
mouse 160.61 268.9 194.06 289.08
keyboard 247.54 184.66 312.19 215.44
keyboard 363.72 158.37 439.42 182.42
book 148.94 144.06 182.64 218.33
book 30.84 167.32 87.88 269.28
book 327.18 117.92 348.45 156.64
book 148.15 149.54 174.4 220.38
cup 206.01 177.09 231.43 217.04
book 324.89 128.6 330.95 163.32
book 357.14 118.52 361.33 151.81
tvmonitor 0 73.33 46.04 118.53
keyboard 84.51 340.82 274.66 422.0
book 329.78 122.3 336.09 161.24
book 20.24 253.65 146.83 315.59