car 322.91 521.22 396.09 569.21
car 387.2 522.46 443.89 561.22
car 243.11 516.36 276.02 542.46
car 456.64 497.91 638.43 628.17
car 220.57 514.67 240.4 529.87
person 118.53 514.51 130.19 543.26
person 144.97 513.06 152.87 539.55
person 152.94 516.41 160.22 539.2
person 183.69 515.55 191.53 533.71
person 166.49 516.94 174.76 542.43
person 388.44 517.91 394.4 527.27
car 209.23 514.3 228.11 529.05
bus 306.15 485.66 362.91 523.3
truck 190.69 495.94 209.17 528.01
person 157.91 518.04 163.37 541.55
handbag 118.9 523.73 124.3 531.44
truck 460.78 497.1 639.23 632.5
handbag 155.04 526.58 158.47 533.65