tie 369.25 230.32 380.86 275.12
tie 157.6 308.61 164.22 326.42
tie 162.27 77.95 171.01 103.19
person 1.81 187.29 71.12 384.75
person 343.35 182.66 407.06 323.12
person 556.64 196.5 632.58 369.77
person 120.78 85.52 167.11 194.08
person 172.75 276.27 259.33 411.02
person 373.35 131.95 426.96 265.01
person 285.88 90.14 338.89 229.15
person 343.03 78.05 398.24 183.06
person 461.5 94.99 527.7 196.69
person 245.64 40.92 303.48 131.01
person 206.78 43.08 242.2 131.15
person 267.02 136.17 321.91 266.98
tie 270.22 80.1 285.37 87.61
tie 286.54 308.96 293.81 330.41
tie 85.6 126.27 95.47 137.14
tie 415.96 122.04 425.19 129.8
tie 449.47 89.46 461.84 127.41
tie 357.2 310.13 366.83 332.35
tie 424.93 312.14 438.26 331.06
tie 496.46 316.82 506.52 332.33
tie 558.87 136.24 566.29 152.58
person 205.25 190.42 268.41 328.16
tie 330.07 80.26 336.31 89.12
tie 59 82 522 148
person 0 34 639 422