umbrella 281.96 124.69 538.04 211.46
handbag 204.94 310.65 240.54 402.34
handbag 100.16 226.51 137.13 324.7
handbag 383.06 327.08 465.36 423.28
handbag 14.49 153.37 41.51 206.95
handbag 49.39 147.51 72.89 181.62
person 106.79 108.94 238.38 469.21
person 42.22 130.35 78.54 239.63
person 88.84 126.73 125.33 272.78
person 109.79 133.41 139.89 218.11
person 225.79 114.42 246.45 280.39
person 359.19 194.16 501.57 474.61
person 77.29 142.25 99.55 219.77
person 0.05 143.45 10.98 162.3
bench 419.6 373.03 639.64 474.43
person 546.89 140.72 640.0 420.59
person 0 209.47 14.38 332.22
person 5.68 124.43 49.94 280.49
handbag 0 325.06 25.52 422.2
person 213.31 167.03 238.28 254.83
person 0 133.49 22.34 229.22
umbrella 544.66 138.83 640.0 193.82
handbag 73.89 155.19 93.56 185.5