traffic-light 261.26 1.69 329.95 110.92
handbag 307.71 352.23 372.44 460.89
person 328.01 296.88 375.0 500.0
person 0 225.84 33.71 387.64
person 317.99 294.26 328.21 326.55
person 303.43 289.99 312.15 323.54
person 297.46 289.53 305.33 324.87
person 292.76 287.01 299.56 322.27
person 331.31 296.29 344.94 328.22
person 214.38 272.8 221.55 300.47
person 207.37 272.1 212.91 297.65
person 272.61 281.64 279.16 314.07
person 202.75 269.29 209.54 291.78
truck 10.44 196.25 52.3 255.16
person 178.09 263.56 183.45 281.57
person 164.33 258.48 170.5 280.7
person 58 236 233 306
