tie 397.3 191.97 435.51 361.97
person 236.85 45.84 584.49 420.22
person 42.98 44.95 320.9 419.33
person 258.35 165.18 275.9 203.15
person 303.16 123.28 333.86 270.06
person 469.45 109.7 527.65 180.79
person 576.43 106.5 636.67 316.14
person 0 110.49 70.67 269.99
person 257.78 186.07 310.71 269.81
person 190.53 118.99 231.03 255.09
wine-glass 224.54 255.38 240.27 280.55
wine-glass 221.2 243.76 235.05 277.74
wine-glass 21.6 247.5 36.14 278.76
diningtable 211.07 247.36 315.17 332.36
person 237.06 129.38 266.41 206.45
tie 19.97 148.93 35.99 219.52
tie 322.83 147.25 329.88 164.86
wine-glass 242.36 198.97 249.77 215.38
chair 255.5 231.79 295.68 270.25
chair 277.95 182.82 298.0 214.38
person 516.28 142.08 537.44 180.95
person 551.31 149.57 640.0 425.0
chair 289.56 171.11 300.5 195.14
diningtable 0 252.83 56.13 381.07
person 346.56 136.92 382.22 200.42
diningtable 334.61 184.14 350.66 202.67
