book 358.46 71.91 374.63 90.93
suitcase 152.63 19.89 257.66 54.45
suitcase 142.83 48.29 264.53 105.64
suitcase 136.41 101.71 274.76 141.15
suitcase 107.34 132.29 286.27 199.65
suitcase 112.18 171.15 293.39 245.93
suitcase 117.8 229.33 285.86 284.8
suitcase 116.49 276.13 276.13 335.1
suitcase 117.51 315.1 281.17 377.47
suitcase 119.49 362.57 274.17 439.91
suitcase 85.05 425.95 262.34 500.9
suitcase 79.28 479.28 270.99 555.68
suitcase 64.04 295.9 128.95 444.91
book 378.32 105.24 411.24 129.6
book 337.89 72.38 355.14 93.37
book 322.62 89.68 339.54 104.99
book 373.12 58.78 405.24 81.77
book 337.03 47.95 351.76 66.66
book 340.41 78.83 357.77 96.38
book 369.1 11.71 397.36 36.64
book 372.18 72 410.53 96.6
suitcase 264.69 423.2 306.22 520.11
suitcase 76 87 222 154