tennis-racket 113.67 372.4 147.57 419.34
person 272.55 313.18 284.29 335.24
person 367.42 304.18 417.97 383.99
person 216.11 311.09 238.0 348.8
person 78.98 175.88 236.52 600.02
person 56.07 309.31 85.68 364.33
person 237.75 316.41 274.84 382.91
person 0 296.8 58.35 384.36
person 32.69 294.54 39.04 300.88
person 290.87 328.73 320.48 382.47
person 403.95 319.74 421.8 348.14
person 441.41 305.9 458.82 347.94
person 330.78 296.37 376.63 381.78
person 366.06 302.08 389.17 336.37
person 1 270 479 470
