car 357.52 181.63 368.85 187.51
car 356.67 179.1 367.83 184.44
car 323.1 177.11 342.17 198.35
bus 0 0 183.8 250.14
bicycle 186.47 291.99 269.12 457.9
bicycle 266.73 239.27 300.89 333.91
traffic-light 274.75 0.22 305.4 33.74
traffic-light 441.7 80.04 458.81 115.66
person 485.41 167.03 514.59 225.41
person 173.94 157.12 275.99 445.06
person 247.94 158.51 311.95 316.34
person 318.66 178.58 336.68 235.28
person 294.97 169.5 329.71 295.79
bicycle 316.9 244.52 323.41 268.04
car 346.95 182.47 356.24 188.03
traffic-light 408.95 123.96 415.99 138.48
person 1.08 112.18 204.94 478.92
person 504.92 170.7 514.42 191.49
person 512.1 168.36 521.92 194.41
person 466.31 171.37 472.71 188.11
person 437.62 179.75 443.04 195.7
person 512.57 172.37 516.46 185.16
bicycle 45.86 411.35 95.23 480.0
traffic-light 225.47 133.95 235.39 149.21
traffic-light 466.11 149.51 472.49 156.59
traffic-light 365.22 162.7 370.11 169.75
