sports-ball 201.26 63.43 214.33 73.81
tennis-racket 231.79 42.08 252.83 135.76
person 238.08 124.2 387.77 481.17
person 55.33 68.04 130.6 164.52
person 248.76 28.67 298.13 121.58
person 395.77 0 445.53 110.34
person 466.21 130.89 517.28 180.05
person 403.37 115.51 463.95 177.74
person 341.39 105.63 400.86 174.49
person 286.92 81.54 344.13 163.91
person 230.89 72.32 295.54 160.45
person 169.23 67.98 231.63 171.25
person 0 72.33 51.86 152.59
chair 517.39 157.7 571.0 180.86
chair 522.17 122.71 570.95 168.08
chair 514.2 79.49 567.41 109.09
chair 400.87 78.76 454.01 119.79
chair 456.8 80.28 487.36 106.89
chair 344.1 75.98 396.55 111.08
chair 286.89 157.18 339.48 173.53
chair 228.76 156.25 283.44 174.25
chair 170.97 154.72 226.01 171.89
chair 346.36 121.54 399.34 154.96
chair 0.19 148.15 52.13 168.56
chair 56.07 148.53 110.49 170.49
person 292.68 27.91 346.71 131.89
chair 113.21 154.5 168.12 171.19
person 112.44 72.12 171.29 171.03
person 116 0 529 172
