backpack 341.23 199.93 357.49 225.94
person 329.3 176.76 351.07 242.06
person 386.19 202.05 423.2 236.01
person 399.22 189.6 442.66 232.26
person 211.36 223.44 220.34 238.72
person 257.99 226.71 261.46 231.9
person 470.28 211.43 484.88 237.89
person 481.43 216.08 492.78 226.08
person 278.08 212.23 289.19 232.69
person 310.44 209.4 317.57 224.42
person 24.33 239.76 30.58 251.57
person 109.38 196.25 115.27 208.16
person 314.66 217 320.81 230.87
boat 92.62 222.05 111.43 242.08
umbrella 424.42 183 482.65 229.48
handbag 347.8 202.41 353.49 218.05
boat 462.34 223.11 499.91 237.39
surfboard 194.1 230.74 299.03 246.03
handbag 347.25 217.72 357.54 226.61
kite 153.99 207.81 159.43 217.48
kite 184.5 230.22 299.3 248.35
umbrella 375.73 213.59 392.29 219.96
person 131 226 214 248