bottle 10.69 379.35 68.85 479.95
bottle 0 383.13 19.08 480.0
umbrella 11.76 140.48 47.96 245.44
umbrella 34.03 146.07 71.12 249.36
chair 429.42 401.38 492.91 473.49
chair 15.62 269.67 55.57 382.31
diningtable 0.24 329.97 441.26 480.0
person 52.85 11.94 387.24 365.73
person 277.18 58.83 640.0 479.99
cup 250.21 329.09 280.42 384.75
fork 154.49 378.86 236.89 426.26
fork 231.37 387.44 338.69 400.95
knife 38.9 404.64 114.26 430.98
pizza 38.72 357.44 213.08 452.09
pizza 186.1 406.2 378.61 474.22
knife 299.14 392.26 344.05 400.91
cup 0.7 392.47 17.5 479.78
cup 190.54 447.91 258.56 480.0