bottle 82.18 116.48 118.1 215.68
chair 584.21 211.43 602.88 262.04
diningtable 0.96 119.5 608.84 421.05
person 191.41 55.6 403.85 254.36
person 365.42 18.99 591.4 319.02
person 0.95 0.09 119.13 296.48
cup 194.08 201.94 257.71 324.75
cup 279.96 214.3 324.77 285.51
fork 67.15 344.2 225.27 426.0
fork 211.9 81.47 261.27 124.26
knife 0 341.43 117.65 411.53
pizza 274.13 273.17 553.99 383.97
pizza 62.09 215.87 195.81 269.35
person 523.52 108.25 576.18 181.08
person 571.63 116.18 640.0 221.02
cup 147.12 169.79 175.5 218.87
fork 397.29 278.44 492.41 288.89
knife 323.06 245.91 340.55 272.02
pizza 98.05 324.86 222.12 382.82
pizza 327.82 252.98 409.62 286.54
diningtable 591.17 229.98 640.0 286.13