sports-ball 516.02 292.71 524.95 302.67
sports-ball 525.54 303.34 534.52 314.28
sports-ball 514.67 302.43 524.93 312.42
sports-ball 528.51 284.87 537.92 294.56
sports-ball 504.86 307.46 516.21 317.47
person 110.18 139.7 204.6 408.16
person 40.55 107.35 132.65 453.08
person 158.56 116.49 213.57 277.21
person 1.55 109.35 51.43 235.36
person 208.44 239.8 279.42 311.88
person 88.01 125.41 116.86 252.64
person 14.21 140.06 56.47 380.45
sports-ball 529.37 273.4 539.4 284.96
sports-ball 525.3 275.4 530.09 285.78
sports-ball 524.69 294.63 534.62 304.04
sports-ball 502.59 289.53 512.39 298.62
sports-ball 493.18 281.84 504.91 294.88
sports-ball 521.14 285.14 529.4 294.62
tennis-racket 126.49 215.77 189.42 265.42
tennis-racket 195.37 274.47 225.3 307.15
person 0 129.02 15.15 200.43
person 269.54 233.39 331.73 301.59
person 106.63 137.47 120.1 172.73
sports-ball 506.24 274.37 515.32 283.02
chair 411.38 83.67 455.18 120.11
sports-ball 516.82 311.66 523.56 319.05
sports-ball 487 270 544 323
