bicycle 553.99 162.44 601.94 191.19
car 400.15 153.67 486.12 194.02
car 172.27 143.48 212.47 167.76
person 309.74 112.02 362.96 253.05
person 17.4 112.97 44.48 186.4
person 567.91 146.97 590.7 191.7
traffic-light 179.64 68.75 187.8 87.43
traffic-light 248.37 19.67 284.82 58.33
traffic-light 219.95 73.24 229.99 90.48
person 302.78 119.19 314.29 131.03
traffic-light 89 95.39 95.05 105.53
traffic-light 42.43 94.26 50.37 109.56
backpack 4.56 140.84 24.28 174.29
traffic-light 558.56 106.89 571.73 116.73
backpack 578.63 152.35 595.23 166.86
person 300.58 128.81 320.22 245.56
