tvmonitor 105.37 2.58 291.32 141.01
refrigerator 3.37 1.12 91.01 295.51
book 326.3 72 356.77 119.05
book 339.48 129.06 357.0 180.97
book 345.43 184.09 357.0 231.05
car 186.76 65.63 199.36 75.91
book 344.31 0.13 347.0 20.01
book 328.39 32.3 331.53 64.55
book 349.25 25.37 356.87 61.77
book 352.29 84.24 356.86 119.27
book 333.55 129.14 342.59 175.92
book 341.14 179.82 355.89 230.1
book 351.35 290.27 357.0 341.79
book 336.47 182.79 343.6 227.62
cat 118.18 306.49 203.9 493.51
book 322.38 182.43 336.65 227.01