bird 300.29 293.19 308.7 300.82
bird 450.74 249.68 462.53 254.78
bird 416 248.21 425.4 254.53
bird 326.09 245.87 335.38 253.1
bird 317.85 251.97 320.31 254.44
bird 433.71 266.9 447.47 276.13
bird 461.09 266.89 474.7 273.55
bird 490.25 275.84 499.22 281.23
bird 447.78 273.61 458.53 283.01
bird 470.52 246.9 487.79 252.18
bird 316.37 281.85 324.19 289.29
bird 323.63 273.73 333.22 283.18
bird 342.09 270.98 354.47 280.58
horse 122.31 292.31 162.74 319.26
person 137.81 279.93 151.89 305.93
person 365.88 269.88 376.35 289.64
person 554 264.64 563.28 281.59
person 403.54 270.95 412.48 286.17
horse 355.48 276.81 380.0 297.5
horse 545.87 269.08 564.45 288.48
horse 393.58 276.93 415.98 298.08
horse 16.25 294.28 66.07 325.7
horse 516.98 270.94 535.87 290.09
bird 488.67 261.39 495.75 270.34
person 518.29 265.55 535.97 277.67
person 36.1 283.57 46.64 314.45
bird 297 244 501 305