bottle 507.4 282.79 553.66 365.34
bottle 413.08 305.1 473.93 437.04
person 491.49 160.94 539.18 221.05
person 267.03 60 407.57 320.54
person 382.45 90.77 443.29 216.36
person 480 185.53 601.89 307.42
person 603.95 181.06 640.0 319.53
person 20.49 65.8 248.09 414.2
person 601.2 181.7 639.18 269.98
remote 537.49 350.96 602.96 379.93
bowl 233.54 385.24 347.62 450.89
pizza 96.8 358.59 266.76 462.82
pottedplant 514.39 45.83 612.0 119.11
diningtable 508.96 217.69 607.35 242.12
oven 85.02 107.57 277.67 207.66
bowl 322.05 292.54 426.44 398.69
pizza 510.31 221.69 529.84 227.64
oven 194.49 213.19 292.99 352.83
microwave 233.21 230.23 255.95 285.58