person 12 57.21 178.38 207.47
person 278.33 53.39 339.57 134.45
cake 43.92 238.3 277.52 427.0
cake 395.33 235.81 464.74 269.87
cake 337.33 224.56 402.19 259.94
cake 420.28 204.22 477.86 245.48
cake 322.3 159.23 354.59 191.51
cake 510.59 150.12 545.16 174.68
cake 2.88 193.83 237.97 278.27
person 607.13 0.08 640.0 187.82
cake 417.56 185.61 456.7 217.02
person 255.3 53.89 270.05 99.38
person 267.09 55 277.69 96.48
car 326 58.95 430.82 126.14
donut 394.84 230.69 466.93 273.95
donut 496.3 130.27 527.31 155.07
cake 311.62 144.05 336.5 166.23
cake 340.9 139.36 364.86 163.04
cake 455.36 189.04 497.8 222.55
cake 0.59 246.6 66.75 317.69
cake 367.98 200.92 425.13 236.97
person 176.7 56.43 200.02 116.24
cake 231 92 541 284