tvmonitor 194.33 135.22 361.86 280.73
tvmonitor 389.03 277.69 500.81 380.67
book 273.01 352.5 275.47 395.04
book 281.76 316.78 332.61 324.06
book 319.87 402.63 330.15 413.77
book 309.61 348.42 315.47 390.95
book 302.86 351.17 308.94 392.2
book 353.64 347.96 360.98 385.9
book 282.4 353.09 297.72 395.21
sofa 524.15 344.32 639.48 426.0
book 340.88 346.5 347.78 386.76
book 343.83 399.54 347.22 412.51
book 324.34 349.68 332.02 389.25
book 242.05 403.15 266.87 415.79
book 335.14 349.7 339.97 387.22
book 296.99 351.58 302.4 391.94