motorbike 218.84 250.13 640.0 453.0
person 252.06 106.49 318.23 321.62
person 498.53 107.59 547.75 203.18
person 353.34 95.84 387.54 180.29
person 171.61 91.83 219.76 191.78
person 0 151.3 210.66 415.57
person 557.38 90.38 613.12 235.3
person 303.02 61.73 545.84 446.37
apple 214.14 220.4 260.1 247.12
handbag 557 144.58 568.3 169.47
person 12.09 158.78 77.85 223.59
bicycle 156.77 148.62 247.37 224.97
dog 302.98 164.86 429.23 287.13
backpack 43.87 196.4 106.11 287.21
handbag 171.76 114.86 188.77 169.27
handbag 12.6 197.09 106.99 284.85
handbag 351.66 143.9 359.57 155.32
handbag 133.92 130.73 158.85 179.79
handbag 177.08 151.1 201.47 190.94
banana 0 386.65 34.3 437.26
person 117.05 106.9 172.65 179.97
person 249.29 88.49 311.22 183.3
person 215.36 98.75 239.5 149.33
car 509.46 98.12 637.14 206.94
umbrella 0 6.7 132.96 36.12
apple 211.5 236.46 253.72 253.65
apple 221.09 220.15 230.92 230.85
person 223.65 102.05 262.21 160.51
person 48.78 99.93 127.16 179.85
person 137 85 639 203