baseball-bat 329.86 304.31 334.82 330.73
baseball-glove 401.9 297.77 412.77 313.82
person 310.64 252.2 361.62 339.04
person 438.84 236.51 482.82 336.93
person 400.37 275.23 443.57 334.09
person 53.33 191.11 77.76 246.63
person 184.45 416.03 323.6 473.2
person 335.74 371.27 428.82 480.0
person 517.84 251.35 640.0 475.14
person 92.62 428.9 188.32 480.0
person 425.86 371.4 481.33 437.09
person 333.19 373.44 378.58 470.32
person 283.63 417.83 341.13 480.0
person 391.1 191.5 405.64 206.05
person 0 0 639 479
