pottedplant 2.01 191.34 56.4 340.39
bottle 398.52 240.23 426.0 318.56
bottle 437.87 243.06 451.62 294.87
bottle 423.13 243.03 441.42 311.67
bottle 130.87 218.51 142.68 250.4
bottle 124.73 231.61 137.42 269.92
chair 326.75 389.34 477.7 423.4
person 183.3 135.16 303.66 315.96
bottle 90.61 238.43 100.58 266.16
microwave 297.4 159.11 381.09 222.36
wine-glass 68.05 280.13 91.74 335.49
cup 88.68 267.53 146.47 344.96
spoon 138.55 282.64 163.67 328.44
banana 363.3 232.58 396.39 253.67
banana 350.07 235.12 377.29 252.88
oven 299.06 157.5 384.6 301.27
sink 122.32 273.03 167.07 303.41
bottle 379.76 253.68 397.27 290.41
bottle 383.56 287.77 392.19 308.62
cup 146.48 302.77 168.39 331.26
remote 89.2 341.39 130.38 355.01
sink 145.02 293.36 160.64 304.18
