sports-ball 565.06 172.71 583.71 186.07
car 0.73 118.79 163.67 196.57
car 220.1 95.2 399.24 177.55
person 367.42 120.93 513.08 363.25
person 550.6 100.04 592.44 209.89
person 543.41 101.24 563.32 157.1
person 584.4 95.61 621.22 209.76
person 10.4 123.72 59.37 209.43
person 601.81 86.09 639.48 209.1
person 507.76 113.79 541.46 206.44
baseball-glove 222.26 266.15 257.76 309.24
baseball-bat 499.93 195.25 542.35 230.06
bottle 565.84 114.43 573.48 131.24
chair 79.47 154.53 128.67 212.96
chair 43.18 165.84 59.98 211.74
person 108.32 231.91 256.07 391.63
person 0 154.91 34.44 212.75
car 359.82 92.76 516.33 159.43
truck 166.19 101.35 227.44 162.6
car 55.46 101.84 161.02 158.19
car 544.07 80.61 586.91 98.44
