person 545.33 55.26 640.0 295.08
person 189.35 3.12 474.4 391.17
person 3.15 199.46 234.1 419.91
banana 561.87 400.32 627.17 447.99
orange 608.66 335.83 640.0 365.16
banana 498.53 324.25 573.41 381.29
banana 535.73 396.07 639.17 464.0
banana 594.35 357.84 640.0 388.27
orange 580.33 337.64 608.09 360.73
person 0.05 139.97 50.54 238.25
banana 603.83 383.6 640.0 456.28
apple 425.56 397.28 460.77 425.24
apple 390.33 384.13 429.36 417.17
apple 447.02 370.97 497.13 404.96
apple 356.29 399.25 381.21 437.67
apple 305 408.17 343.03 448.94
apple 424.06 369.89 460.03 391.16
apple 418.5 383.77 458.21 407.84
apple 346.67 395.18 361.97 434.8