bowl 119.46 9.69 640.0 479.78
book 0 142.38 61.48 376.45
carrot 384 311.69 413.92 396.47
carrot 377.43 214.46 431.43 271.05
carrot 208.54 293.27 337.7 357.43
carrot 231.66 113.89 279.22 229.11
carrot 323.39 67.66 341.77 163.69
carrot 309.7 357.35 383.38 385.83
carrot 417.23 334.91 474.83 356.43
carrot 428.75 155.26 446.63 187.09
carrot 278.1 121.38 294.9 142.13
carrot 379.21 199.95 453.65 229.16
carrot 430.69 234.65 463.95 305.11
carrot 505.97 323.95 547.57 366.92
diningtable 1.25 11.22 299.22 274.29
carrot 177.68 122.14 211.77 200.0
oven 0 201.97 289.62 480.0
carrot 252 61 441 459