pottedplant 117.05 399.46 221.21 480.0
pottedplant 300.94 410.97 363.51 468.13
person 244.8 349.53 284.45 456.71
person 290.91 364.22 314.35 427.13
person 379.11 365.58 399.8 418.8
person 479.77 365.62 500.16 405.49
person 552.06 360.98 575.96 442.52
person 594.35 366.58 631.14 437.72
person 580.02 364.06 594.39 424.17
person 531.32 362.59 547.09 432.64
pottedplant 0.93 404.75 74.92 458.45
pottedplant 445.58 410.46 491.52 430.28
traffic-light 632.52 309.35 639.63 335.87
person 312.23 364.44 338.99 415.62
person 552.62 364.31 562.09 383.34
person 428.35 366.2 438.52 416.92
car 393.09 364.77 486.0 408.04
person 410.47 364.96 417.59 419.43
person 551.13 370.52 556.38 410.76
person 83 165 639 457
