chair 131.26 310.48 282.82 427.0
chair 348.68 291.62 512.83 421.44
chair 497.76 271.29 637.58 425.51
chair 597.32 211.1 637.28 274.47
chair 353.45 185.5 372.55 207.47
diningtable 186.03 217.6 424.11 306.27
cup 302.88 234.47 320.65 251.24
spoon 217 266.83 227.29 282.8
handbag 591.94 271.27 629.97 418.35
person 249.48 139.13 335.84 235.09
person 136.75 131.65 239.04 263.1
person 342.9 158.71 531.74 426.57
person 354.23 140.48 445.65 231.15
person 63.33 144.89 211.1 383.82
wine-glass 214 226.53 229.93 257.27
wine-glass 227.15 243.89 243.43 276.24
wine-glass 331.59 221.92 347.44 254.25
cup 246.27 234.43 260.93 250.71
spoon 512.17 223.24 521.43 232.1
chair 248.95 188.51 264.27 215.75
chair 34.54 227.41 74.84 422.2
person 543.09 150.6 600.58 256.01
bottle 387.3 201.25 407.11 249.28
wine-glass 349.33 239.92 364.63 270.29
cup 191.21 252.24 210.56 266.26
person 503.79 175.54 600.97 355.11
