baseball-bat 282.7 241.29 302.94 256.26
baseball-glove 243.66 297.11 252.65 309.31
person 477.5 274.77 525.98 384.51
person 275.98 250.52 319.35 316.85
person 372.91 213.55 386.68 224.26
person 194.67 249.03 219.87 316.73
person 216.43 272.35 246.36 316.25
person 200.71 241.68 220.5 259.3
person 419.82 256.79 443.95 285.27
person 391.6 231.62 407.83 252.85
person 266.06 217.43 282.04 233.04
person 447.38 211.78 461.82 220.22
person 354.16 177.91 369.08 193.46
sports-ball 260.73 396.46 263.6 398.71
sports-ball 618.18 445.63 622.05 448.65
person 312.71 215.97 324.22 226.04
person 456.61 254.28 476.06 283.85
person 0 32 639 293
