bottle 212.13 330.28 229.11 391.31
sofa 532.58 247.92 640.0 480.0
sofa 0 201.56 236.4 427.68
diningtable 100.52 351.32 308.33 474.43
person 228.16 147.57 397.13 457.52
person 347.01 187.53 472.45 452.31
person 422.83 2.16 600.81 473.53
cup 121.92 357.43 148.76 415.67
remote 429.06 46.77 447.5 113.78
bottle 162.55 348.69 181.72 408.66
cup 126.09 343.26 151.5 371.88
laptop 124.1 249.14 201.29 274.38
remote 233.93 363.86 265.13 395.07
backpack 74.27 323.47 163.58 450.16
remote 193.15 361.75 213.35 380.11