sofa 0.28 249.12 133.29 501.7
chair 237.59 203.37 314.54 337.24
book 341.66 188.69 346.0 211.94
book 343.57 145.77 348.65 167.46
book 281.14 145.17 285.41 168.77
book 329.41 190.71 332.16 211.68
book 279.11 176.96 317.62 210.6
book 331.83 186.55 336.11 211.84
handbag 111.3 430.97 233.37 498.58
book 339.57 113.1 348.56 137.51
book 299.98 123.24 305.56 137.12
book 322.3 276.82 350.69 310.1
book 323.34 191.37 327.3 211.32
vase 293.81 96.59 308.11 109.63
vase 326.34 78.71 345.41 108.87
book 322.77 241.99 329.3 272.63
book 330.24 242.51 338.74 275.24
laptop 135.84 295.13 176.24 308.96
book 338.78 242.98 352.51 275.99