chair 4.11 236.43 332.03 471.83
chair 454.25 131.89 496.58 203.12
chair 478.82 133.13 573.93 271.22
chair 610.07 146.43 640.0 235.27
chair 109.19 147.3 171.86 216.4
chair 433.69 124.51 459.34 186.58
chair 0 163.45 43.17 240.54
chair 146.47 267.95 235.33 356.81
sofa 498.56 326.89 640.0 471.83
sofa 161.39 170.64 423.52 290.91
diningtable 453.79 140.52 511.58 152.69
person 303.02 85.15 315.49 109.42
person 313.81 75.94 344.74 129.65
person 408.23 80.5 432.34 150.39
person 607.28 84.01 640.0 139.64
vase 329.94 204.87 379.92 228.62
vase 220.69 92.78 245.41 144.76
vase 375.36 96.41 404.99 162.28
person 283.2 75.34 307.81 154.42
tie 614.62 104.25 627.03 130.45
chair 287.81 129.2 362.96 172.37
chair 631.35 181.2 640.0 193.18
person 419.98 82.51 442.58 152.53
person 336.52 85.18 347.03 94.58
person 252.29 79.78 274.47 169.49
person 390.8 89.52 408.58 153.08
person 238.63 85.99 269.29 166.56
chair 508.3 125.32 531.33 144.77