bottle 185.53 402.46 231.55 530.46
bottle 231.23 400.86 279.4 532.99
bottle 274.09 403.04 327.54 537.35
car 192.26 135.79 345.33 219.47
car 388.07 132.73 438.16 170.81
traffic-light 361.45 93.71 365.02 101.61
hot-dog 375.17 364.67 394.72 395.66
hot-dog 317.06 388.44 350.43 449.06
car 331.54 136.06 386.69 167.67
car 439.21 145.48 452.87 158.19
traffic-light 373.83 106.39 381.45 117.92
traffic-light 467.3 89.18 471.75 94.78
sandwich 346.17 392.94 379.41 449.41
hot-dog 328.61 358.35 343.81 393.31
hot-dog 358.92 365.83 375.97 392.31
hot-dog 295.98 371.98 327.9 378.07
hot-dog 321.31 338.86 335.04 365.34
hot-dog 256.66 374.9 330.18 384.81
hot-dog 364.55 338.5 382.57 369.25
hot-dog 273.25 364.51 328.43 374.09
hot-dog 253.21 342.23 265.6 366.6
car 116.82 134.95 207.41 200.93
hot-dog 378.36 339.51 397.54 369.37
car 464.41 131.25 475.79 153.59
car 473.79 133.77 480.0 140.84
hot-dog 344.94 370.86 359.18 392.95
person 1.67 10.83 223.33 630.83
hot-dog 335.94 340.08 350.49 366.16
hot-dog 257 340 372 450
