diningtable 0.84 141.57 457.58 364.89
cake 53.72 144.35 145.82 203.62
person 258.71 0 396.91 187.92
person 440.73 117.98 500.0 360.67
person 178.65 0.84 280.62 116.29
person 379.32 60.23 468.28 209.25
person 144.71 44.34 267.35 163.46
person 91.76 20.29 159.25 157.63
person 0 6.58 49.25 169.38
person 177.72 173.47 459.18 369.9
person 383.92 0 500.0 117.09
person 0 0 192.81 116.87
apple 124.17 229.79 155.3 242.97
apple 148.28 251.57 168.55 263.78
cake 198.93 216.35 226.9 230.89
cake 161.35 161.29 372.26 247.45
apple 210.68 303.67 226.47 313.06
apple 64.4 324.03 76.83 332.25