clock 437.93 41.84 482.58 86.49
chair 525.78 343.32 617.06 383.26
knife 539.53 195.9 565.3 199.14
knife 521.89 208.21 524.75 242.0
sink 466.93 259.2 540.55 274.06
knife 341.02 172.02 385.04 176.72
knife 540.02 199.85 565.53 202.75
knife 541.97 210.68 563.05 213.92
bowl 278.52 305.12 336.25 333.28
apple 581.51 241.06 592.63 244.17
chair 294.97 398.68 385.63 425.0
sink 407.04 264.63 464.56 275.66
refrigerator 78.31 286.52 165.22 415.45
knife 536.01 183.17 572.73 189.87
knife 533.74 160.96 579.65 167.64
knife 535.39 169.73 572.8 176.68
knife 538.78 191.1 569.32 194.43
knife 542.12 206.89 564.44 210.15
knife 351.73 192.83 378.5 196.49
knife 322.18 159.29 383.68 164.48
bowl 287.72 352.09 327.81 369.86
bowl 422.03 384.55 534.34 425.0
apple 595.11 240.53 602.09 244.7
apple 605.51 240.18 613.63 245.41
book 62.42 231.5 81.86 272.87
knife 346.31 186.17 384.61 192.71
bowl 282.89 357.69 336.16 391.12
bowl 181.65 358.18 225.52 396.88
knife 123 144 579 238