car 474.56 40.19 515.66 74.17
chair 0.16 229.88 122.15 478.85
chair 330.44 136.39 352.5 182.8
chair 578.91 270.51 640.0 480.0
chair 317.94 69.77 364.12 101.72
chair 151.51 47.07 212.6 133.34
chair 32.2 86.01 87.06 116.49
chair 0 55.59 33.11 114.63
chair 55.05 33.16 88.18 50.04
chair 16.51 30.83 47.13 45.97
diningtable 110.02 153.17 510.2 473.53
wine-glass 297.72 154.49 318.23 214.23
cup 327.56 193.04 349.32 253.0
cup 238.01 241.55 265.47 317.84
cup 333.87 302.64 422.31 431.0
fork 205.68 441.99 311.53 474.22
fork 367.26 312.34 408.64 333.03
knife 209.52 425.63 329.22 459.63
knife 367.41 297.34 410.78 316.45
knife 182.18 274.84 213.18 318.87
knife 366.56 246.4 399.44 282.02
pizza 166.96 347.76 216.67 388.49
pizza 263.89 249.29 347.15 294.13
pizza 197.39 224.36 284.76 253.48
pizza 295.6 327.81 340.25 357.5
pizza 188.79 300.9 225.51 319.26
car 556.39 28.54 611.44 53.41
car 499.26 17.55 640.0 61.91
person 246.94 79.56 354.99 217.08
person 344.98 78.39 478.21 294.98
person 403.42 117.57 627.78 480.0
person 287.77 18.86 374.51 100.95
person 158.05 6.69 220.74 115.28
person 215.79 3.98 275.59 120.96
person 19.29 113.12 224.3 443.19
person 204.46 3.92 240.61 50.87
person 287.55 14.41 329.4 67.79
person 300.01 3.71 305.99 19.26
person 392.02 6.05 396.53 20.34
car 399.52 46.38 424.73 67.39
car 390.62 36.29 411.09 52.09
cup 296.57 156.15 317.57 212.15
cup 282.42 68.02 292.67 77.29
chair 55.37 58.95 82.04 88.11
chair 232.35 38.59 278.8 127.61
person 138.6 7.71 174.33 71.65
pizza 211.43 343.58 283.28 413.91
pizza 360.26 229.22 388.44 251.26
pizza 133.61 391.43 206.76 435.83
chair 79.26 121.94 107.39 189.88
person 586.1 9.92 591.96 19.9
wine-glass 385.51 334.21 424.21 431.88
chair 129.51 33.34 142.82 72.31
diningtable 0.26 41.39 89.89 68.23
diningtable 1.9 111.36 118.16 220.83
person 323 8 336 16
