chair 204.13 243.85 293.84 373.17
chair 97.98 198.96 185.99 326.95
chair 424.04 70.83 516.63 230.43
chair 539.25 275.52 640.0 390.61
diningtable 182.79 199.38 365.31 268.29
teddy-bear 185.59 154.43 289.08 213.33
teddy-bear 330.09 171.76 427.0 271.55
teddy-bear 402.11 63.19 511.25 185.74
teddy-bear 545.98 178.48 640.0 321.45
teddy-bear 107.78 156.39 184.31 277.34
teddy-bear 197.67 219.74 301.3 326.25
knife 186.96 232.45 204.76 236.06
teddy-bear 0 40.14 76.76 171.6
cup 209.57 197.53 221.77 215.42
chair 337.39 225.09 425.89 309.62
chair 1.53 157.25 69.6 226.08
clock 587.03 88.65 599.28 111.0
