sports-ball 389.12 200.67 394.37 204.34
chair 375.02 19.25 386.07 33.84
chair 359.85 18.84 371.52 33.88
chair 349.56 7.55 360.59 19.83
tennis-racket 103.32 131.31 127.72 141.95
person 3.85 235.64 61.56 311.62
person 89.83 112.51 119.32 178.24
person 568.44 84.77 586.59 120.24
person 555.55 90.73 572.12 116.33
person 532.99 86.41 559.42 117.16
person 512.37 76.58 537.4 100.23
person 447.6 77.33 468.54 105.38
person 482.8 92.69 504.55 125.43
person 518.92 96.31 535.78 115.31
tennis-racket 487.85 220.35 502.66 239.34
chair 299.74 7.72 312.1 21.21
chair 375.81 8.64 387.75 22.11
chair 131.66 27.02 148.56 36.54
chair 472.25 123.95 480.64 155.15
person 632.46 103.91 640.0 124.81
person 496.57 75.94 510.18 102.37
person 512.36 124.05 531.96 142.16
person 482.26 208.19 547.05 324.28
chair 285.19 7.08 297.62 22.67
person 1 0 639 289
