bottle 418.29 0.3 521.13 258.61
refrigerator 101.62 0.54 385.95 136.76
chair 511.28 42.07 638.56 142.38
chair 0 96.76 35.68 209.19
diningtable 1.08 115.67 640.0 473.23
cup 514.77 133.02 609.25 262.28
pizza 283.69 337.62 477.84 454.11
book 80.9 139.15 430.38 242.7
bottle 190.87 2.26 214.59 51.95
pizza 395.27 335.38 549.93 441.7
cell-phone 575.78 221.7 640.0 289.51
bottle 170.94 0 192.87 54.43
bottle 261.95 0 280.33 52.86
bottle 280.45 0.05 299.58 53.8
bottle 299.87 0 320.71 52.12
bottle 209.45 1.25 233.14 51.12
fork 96.79 273.76 158.1 332.54
pizza 232.85 261.08 536.27 419.51
bottle 339.81 2.76 357.59 51.35
