kite 91.7 111.08 103.88 124.91
kite 22.95 148.61 39.4 166.89
kite 45.06 197.43 63.58 220.42
kite 180.86 178.29 195.49 196.21
kite 68.69 16.89 90.09 49.55
kite 151.89 167.74 159.33 178.12
kite 163.22 93.91 176.84 110.51
kite 123.82 181.41 135.61 195.74
kite 183.08 141.55 193.19 155.32
kite 221.04 191.45 229.05 202.41
handbag 156.56 302.07 236.07 363.77
person 219.1 200.94 374.16 493.07
person 149.44 230.34 233.71 494.38
person 129.54 258.34 175.92 496.41
person 87.74 270.93 131.69 434.26
person 56.05 258.87 68.96 306.62
person 37.94 265.79 49.81 302.61
person 0.16 273.48 20.86 354.49
person 114.99 275.38 141.18 319.45
person 91.99 261.47 102.21 275.95
person 227.87 276.24 260.69 313.79
backpack 246.61 278.88 362.73 438.15
kite 267.48 137.93 280.4 148.6
kite 214.65 204.52 222.25 212.53
person 72.96 269.93 85.34 306.53
person 16.32 259.61 28.49 301.78
handbag 116.44 328.29 133.15 367.12