pottedplant 59.55 364.67 83.59 392.42
pottedplant 242.84 270.78 279.15 312.49
chair 262.3 299.29 289.83 360.71
chair 158 304.13 223.48 374.85
chair 1.88 305.55 79.49 366.93
diningtable 21.08 379.48 131.01 432.19
person 20.57 299.39 71.98 367.77
vase 63.58 377.78 78.45 391.0
vase 305.62 282.41 317.81 302.02
vase 364.7 269.92 391.2 313.7
vase 254.07 290.31 264.62 306.33
handbag 40.24 448.29 101.67 493.68
handbag 241.32 361.68 279.19 405.0
book 37.74 314.55 70.84 329.24
book 24.36 383.33 57.62 392.87
handbag 275.1 391.37 311.62 415.25
chair 331.95 468.72 383.26 573.02
handbag 96.65 424.76 177.07 497.53