bus 1.07 323.82 63.28 444.99
person 462.06 407.7 569.69 601.42
person 542.2 359.55 616.52 508.96
person 381.29 446.65 490.93 640.0
person 229.85 440.54 386.35 640.0
person 85.91 378.94 274.9 640.0
bus 52.82 321.59 504.83 454.83
umbrella 173.02 356.43 485.31 458.55
clock 526.99 101.95 540.02 131.71
handbag 469.88 463.69 546.7 635.45
person 532.64 391.78 556.89 425.84
umbrella 335.33 396.18 515.4 465.15
handbag 307.87 537.63 391.98 637.49
person 349.66 489.22 395.31 535.2
person 540.58 407.53 638.13 640.0
person 250.18 443.81 286.56 519.8
person 484.05 393.67 515.13 469.57