pottedplant 521.29 138.2 551.11 200.72
chair 0 212.38 63.78 314.99
chair 67.93 200.56 89.83 230.54
chair 69.08 192.63 97.5 224.31
sofa 262.32 192.37 506.24 319.39
sofa 45.91 205.77 258.18 368.01
diningtable 1.44 206.12 69.69 242.56
book 131.12 146.18 138.92 166.42
book 103.79 150.35 122.14 158.99
book 112.81 124.45 116.67 141.76
book 120.47 131.86 130.11 142.06
pottedplant 280.2 139.34 291.55 191.81
book 141.57 144.16 147.44 164.57
book 128.24 148.66 131.9 165.45
book 111.59 147.88 122.96 168.0
book 124.98 199.09 131.01 216.7
book 141.63 194.16 151.0 211.52
book 113.86 204.54 117.32 220.03
book 107.12 199.62 121.88 220.4
tvmonitor 605.16 202.4 640.0 327.83
book 129.5 168.51 139.37 194.48
book 105.66 175.91 111.91 199.53
book 93 123 338 256