tvmonitor 372.75 61.49 540.2 207.19
tvmonitor 120.16 90.48 253.29 208.92
laptop 255.07 207.18 397.3 311.48
mouse 519.87 337.16 553.45 363.78
mouse 432.39 325.31 460.33 350.72
keyboard 46.15 280.76 242.05 311.84
keyboard 185.68 333.64 375.09 358.7
keyboard 192.09 322.63 377.34 340.38
keyboard 264.83 281.08 383.5 296.64
book 318.52 164.94 349.92 206.93
remote 100.05 273.24 133.37 288.74
book 421.37 203.97 484.71 223.97
book 624.24 123.02 629.69 159.97
book 533.78 18.01 590.41 82.0
book 540.05 95.82 610.06 190.21
book 531.09 253.26 589.51 264.84
mouse 199.57 256.3 222.18 271.05