car 254.65 255.47 277.64 272.66
car 197.76 216.92 214.66 225.01
bus 380.68 276.96 451.71 347.0
traffic-light 148.07 230.79 178.98 239.75
traffic-light 166.29 212.73 171.27 228.51
traffic-light 405.7 242.71 415.05 248.77
car 237.31 214.6 245.88 221.32
car 266.77 220.03 278.87 226.35
car 234.93 211.85 241.43 217.49
person 123.44 244.13 129.35 261.77
person 96.58 263.48 102.96 285.58
person 412.45 303.86 420.4 315.86
car 123.13 286.01 160.54 319.59
traffic-light 262.1 197.48 268.74 200.17
traffic-light 293.9 395.85 301.84 418.07
truck 119.72 339.42 176.65 399.2
traffic-light 35.71 289.34 45.78 309.0
