bicycle 15.53 332.04 124.12 421.32
bicycle 412.64 274.97 428.48 286.88
bench 319.18 310.86 452.41 374.69
bench 90.18 287.35 140.26 323.2
person 195.29 211.79 320.44 598.25
person 35.26 233.03 104.17 438.11
person 181.99 241.72 205.38 324.68
person 395.16 248.2 413.84 308.9
person 437.54 245.56 451.93 298.61
person 444.85 241.12 476.14 326.82
person 469.79 241.83 490.05 325.92
person 286.79 231.5 308.85 289.53
person 304.17 239.49 321.92 286.24
person 85.36 242.02 97.47 283.72
bicycle 96.61 347.81 167.78 402.06
person 322.07 247.51 335.93 290.74
person 371 240.26 396.1 304.14
person 1 227 600 448