person 533.06 128.84 581.61 211.8
person 501.1 126.99 532.71 212.71
kite 149.6 21.64 328.41 60.06
kite 433.86 89.98 515.35 150.96
person 92.54 154.98 97.51 166.07
person 125.93 157.53 128.53 162.65
person 374.01 146.62 375.93 151.38
person 102.9 155.7 105.8 165.49
person 620.29 140.01 630.56 168.61
person 148.56 156.2 151.62 161.75
person 142.84 156.35 145.54 160.67
person 624.25 120.69 640.0 191.57
person 132.67 158.13 134.15 162.51
kite 231.37 121.1 307.15 189.43
person 578.59 136.28 626.9 213.0
person 1 126 631 175