dog 522.34 278.39 567.53 314.4
horse 29.96 192.14 385.24 480.0
person 523.61 229.03 547.51 285.92
person 519.12 245.63 527.98 279.66
person 616.13 232.04 633.27 284.66
person 546.52 227.28 568.41 291.73
backpack 518.24 244.77 524.56 257.13
backpack 546.24 239.31 575.19 273.65
person 627.46 233.88 640.0 281.39
person 475.45 239.22 482.31 254.95
person 483.09 239.58 490.78 255.1
person 493.18 238.99 500.2 256.38
person 506.95 239.92 510.89 253.15
person 512.42 240.31 519.91 269.98
person 605.86 235.96 616.76 253.32
horse 0 209.42 233.96 426.49
person 437.89 237.1 441.63 249.11
person 404.65 235.55 409.6 249.69
bicycle 396.99 247.23 412.73 257.82
bicycle 421.35 243.86 432.88 255.71
bicycle 492.29 253.5 498.68 266.59
person 375 205 472 263