chair 453.3 9.07 502.04 93.44
chair 406.49 10.27 448.65 93.51
chair 46.2 62.62 262.6 189.92
chair 591.28 27.45 640.0 55.79
chair 502.62 13.76 516.49 35.04
diningtable 0 182.36 640 474.68
person 13.09 19.66 248.23 219.21
person 440 52.97 640 419.46
wine-glass 396.94 225.44 500.49 408.81
wine-glass 84.13 193.98 173.66 310.47
fork 239.37 260.64 282.64 364.49
spoon 190.99 207.01 212.77 249.61
person 0 0 80.42 126.82
cup 82.55 195.1 172.35 297.15
cup 395.87 227.42 500.49 410.79
carrot 361.67 232.93 399.37 294.53
carrot 46.33 281.27 76.68 295.83
person 511.18 0 584.71 58.99
wine-glass 241.63 134.19 300.78 223.73
cup 241.77 132.79 300.58 225.61
carrot 0 281.75 20.49 315.79
carrot 369.85 217.04 374.2 232.29
carrot 0.04 317.24 8.2 324.16
chair 603.64 219.69 640.0 325.98
diningtable 520.33 40.13 590.05 57.24
