dog 484.56 278 499.91 366.33
cow 7.32 168.08 49.35 219.17
cow 48.4 169.31 92.93 194.75
cow 119.29 172.4 184.94 217.25
cow 158.92 173.43 217.06 230.93
cow 200.51 172.94 226.33 194.94
cow 232.49 174.63 285.23 233.42
cow 334.13 172.03 417.43 228.77
cow 270.27 173.92 296.19 222.88
cow 46.29 193.51 80.59 221.53
cow 79.53 170.53 124.29 227.37
cow 213.9 193.47 243.46 225.1
cow 409.57 177.94 480.83 232.0
person 293.44 158.91 331.28 238.79
cow 322.93 194.43 357.72 226.15
person 439.21 156.58 474.29 243.08
cow 45 169 499 239