bottle 188.21 310.16 201.07 355.83
clock 317.13 211.32 324.38 219.06
sofa 20.92 271.05 353.47 375.0
person 17.74 81.58 225.53 370.35
person 250.28 16.91 500.0 369.16
person 329.39 124.16 416.39 369.09
remote 367.98 184.55 380.61 198.22
remote 166.69 171.55 182.62 213.79
remote 261.33 264.84 290.48 342.86
book 316.66 160.58 341.98 184.2
book 278.93 176.97 311.8 225.84
person 183.38 258.83 283.6 375.0
remote 83.02 202.18 109.07 219.18
book 312.51 255.06 321.14 273.29
book 293.37 154.46 304.58 176.25
book 313.29 184.48 338.5 205.65
book 296.22 134.98 301.73 151.16
book 310.49 136.73 319.54 156.34
book 307.07 230.08 316.17 248.92
book 281.21 225.01 289.67 244.38
book 302.82 253.34 312.89 272.17
clock 408.49 198.89 424.5 211.75
book 339.66 143.83 347.86 160.84
book 332.35 143.23 338.97 159.36
book 326.27 140.57 333.17 158.26
book 265 132 373 292