sports-ball 231.3 85.9 241.39 96.58
tennis-racket 89.01 320.48 110.97 382.6
person 89.17 326.47 258.88 632.81
person 24.36 423.4 52.59 454.51
person 274.27 420.85 349.71 523.39
person 340.51 424.8 390.08 526.41
handbag 11.74 504.63 57.36 538.89
person 283.64 362.86 306.78 394.4
person 52.97 428.43 120.29 541.18
person 52.12 320.49 97.5 370.39
person 258.62 282.42 282.28 313.19
person 318.94 197.17 351.22 227.28
person 0 419.98 19.86 455.9
backpack 117.09 499.06 182.12 541.79
backpack 11.41 506.52 55.59 539.11
chair 47.55 463.57 68.73 502.07
chair 333.6 458.03 349.58 491.21
chair 343.66 448.72 352.72 457.67
chair 233.47 462.85 270.04 536.39
chair 155.61 479.64 175.89 513.44
chair 338.03 423.1 363.67 432.15
laptop 378.54 448.37 412.54 464.87
person 291.53 293.68 335.77 333.78
person 228.32 375.66 263.12 420.32
person 128.46 330.24 156.02 363.14
person 0 42 426 472
