aeroplane 41.91 21.9 467.27 139.33
person 179.45 229.59 281.46 587.6
person 210.19 41.12 232.57 85.88
person 193.8 46.05 207.82 71.94
person 237.57 64.91 260.63 103.63
person 271.39 92.45 290.74 136.59
person 332.71 98.77 353.45 162.24
person 464.74 91.13 485.4 159.68
person 307 94.54 324.98 157.48
person 484.86 83.97 507.68 154.17
backpack 352.16 106.82 365.07 128.82
backpack 317.86 103.24 333.39 128.24
handbag 254.4 397.18 280.31 473.54
handbag 329.85 110.2 340.55 126.84
backpack 221.2 52.32 233.38 72.29