tennis-racket 59.89 123.95 152.62 176.45
person 151.01 152.45 408.45 529.26
person 385.98 281.13 424.55 355.85
person 380.6 238.59 423.08 287.51
person 332.69 233.85 390.02 306.66
person 211.69 245.39 247.17 293.93
person 138.62 246.11 209.75 291.3
person 93.36 311.89 151.28 379.49
person 93.88 353.5 150.62 420.52
person 163.95 378.24 235.16 420.67
person 360.12 288.79 407.76 370.4
person 13.46 354.88 78.07 419.49
person 43.5 320.85 97.0 383.85
chair 137.86 337.8 166.19 380.17
chair 169.87 305.39 212.31 361.97
chair 46.64 304.95 87.01 322.41
chair 394.95 359.64 427.0 382.7
chair 115.89 260.35 148.07 274.92
chair 274.3 171.03 309.11 189.81
chair 143.04 320.47 192.12 364.24
chair 86.82 304.91 127.14 324.43
chair 28.17 321.39 59.98 339.6
chair 54.24 245.35 87.43 263.54
chair 62.54 215.82 88.45 232.64
person 306.86 99.92 340.57 151.06
chair 134.5 247.21 169.42 260.72
chair 109.38 288.19 148.53 305.12
chair 0 16 426 380
person 1 0 426 430
