umbrella 285.95 70.71 456.75 174.34
sports-ball 353.67 235.73 373.53 255.71
car 0.96 110.05 307.33 317.81
baseball-bat 380 193.95 485.44 222.5
person 333.92 148.73 461.54 350.24
person 481.57 74.6 600.63 361.66
person 306 147.77 377.74 254.92
baseball-glove 368.71 219.68 417.78 266.68
person 436.27 81.31 529.35 282.82
person 576.19 0 640.0 111.33
person 240.59 196.21 298.59 254.59
person 596.32 94.36 639.76 238.31
person 281.46 197.34 314.44 255.13
person 16.28 9.67 181.91 365.82
person 584.96 62.22 618.12 239.37
