umbrella 57.53 0.36 422.83 449.08
person 134.36 253.36 147.3 301.49
person 116.96 252.33 135.7 306.59
person 108.43 252.15 121.79 300.38
bowl 212 479.27 305.7 542.82
bowl 195.2 430.1 253.59 453.95
person 257.46 255.97 286.47 310.24
umbrella 116.35 204.05 218.24 308.63
person 76.54 301.49 100.16 405.78
person 68.04 257.1 82.2 281.79
person 11.85 252.35 86.34 471.56
person 156.03 257.53 166.64 289.68
person 77.9 257.04 90.65 281.59
person 102.49 264.09 110.62 283.59
umbrella 144.76 238.74 177.81 252.1
person 7.48 256.14 33.96 344.2
umbrella 45.72 240.25 86.61 260.08
person 170.38 253.86 179.84 282.74