bottle 41.03 472.49 86.14 510.3
person 96.36 96.36 320.72 582.47
wine-glass 410.07 69.62 426.77 101.73
cup 287.43 135.07 311.46 160.73
cup 354.94 133.99 374.87 158.41
bowl 50.9 228.04 131.95 276.41
bottle 9.7 407.14 64.15 446.95
bottle 0.38 403.68 55.63 429.8
cup 273.73 145.91 288.86 160.9
cup 359.63 117.5 384.7 134.92
cup 296.93 176.69 310.17 193.74
cup 315.53 176.69 324.02 194.06
cup 319.85 179.19 336.96 205.99
bottle 133.95 395.93 160.14 443.54
bottle 49.82 400.37 89.52 440.08
cup 317.9 140.69 338.06 159.26
cup 310.88 123.85 328.76 146.02
bottle 3.54 401.38 33.14 410.45
bottle 29.77 466.02 73.69 498.96
bottle 64.62 493.3 84.48 518.97
wine-glass 301 68.3 322.98 108.33
wine-glass 386.31 70.09 412.39 102.84
wine-glass 276.05 89.6 287.9 108.93
wine-glass 369.62 71.21 388.16 104.9
wine-glass 352.99 59.48 366.54 103.89
wine-glass 289.72 92.54 301.14 108.6
wine-glass 396.27 57.38 411.31 66.78
wine-glass 250.46 91.07 265.76 111.53
cup 270.77 135.68 288.95 147.74
pottedplant 0.22 15.51 100.47 146.31
cup 59 51 426 221
