car 262.35 184.1 441.97 249.23
car 0 175.45 275.42 277.42
traffic-light 598.24 152.14 602.55 161.64
traffic-light 578.4 174.77 582.92 179.85
traffic-light 560.28 167 564.15 170.07
traffic-light 114.38 72.89 127.06 93.58
traffic-light 552.79 162.06 557.93 170.81
traffic-light 618.38 178.88 621.06 182.12
person 106.33 12.54 304.65 257.6
person 363.46 145.22 398.19 281.8
person 389.94 153.07 422.94 282.54
person 441.32 150.55 487.06 282.89
person 486.31 125.41 557.15 310.17
person 113.22 151.73 160.91 284.48
skateboard 134.02 223.29 251.77 367.84
person 229.25 186.8 248.75 217.18
person 172.58 185.21 212.44 278.22
person 255.03 181.03 271.86 221.16
car 542.46 182.59 578.75 209.8
car 576.39 190.91 599.2 213.72
car 598.52 194.49 612.66 207.55
traffic-light 623.37 178.63 627.8 186.11
traffic-light 612.91 182.61 618.54 187.51
backpack 32.57 177.66 48.61 208.26
person 9.88 149 42.12 284.32
traffic-light 539.56 152.02 544.39 157.38
traffic-light 596.16 163.25 600.92 172.77
traffic-light 504.89 67.32 539.6 98.87
backpack 378.04 181.94 400.13 204.34
backpack 139.61 171.46 150.28 179.46
umbrella 249.55 148.49 301.92 168.21
umbrella 288.74 149.09 324.23 169.22
car 617.96 193.62 638.11 211.54
traffic-light 581.02 181.32 585.34 185.79
handbag 454.03 168.04 481.67 223.64
cell-phone 528.4 139.7 536.76 149.39
traffic-light 103 68 567 171
