pottedplant 321.73 55.73 397.93 215.14
chair 461.42 277.79 640.0 470.82
chair 466.55 159.31 593.79 301.03
chair 203.35 300.08 552.26 472.46
diningtable 317.36 184.09 500.33 268.8
bicycle 391.75 104.52 574.71 194.92
clock 31.81 165.58 79.54 212.25
cup 369.55 230.97 396.18 254.62
book 596.19 161.62 603.67 198.31
book 608.35 113.1 615.51 152.15
book 602 157.94 610.92 200.43
book 592.02 108.57 611.85 152.25
book 614.9 113.64 621.75 153.15
book 619.14 116.57 628.21 154.16
book 609.44 163.63 640.0 208.93
book 603.01 207.73 624.42 248.79
book 596.14 209.32 604.54 248.16
cup 438.33 189.99 454.43 207.76
cup 468.02 205.36 484.32 224.01
book 622.85 114.34 639.26 154.82
book 611.3 112.88 617.91 151.58
book 591.45 206.57 597.79 244.17
vase 361.06 139.47 383.17 212.81
cup 408.94 231.9 440.1 251.84
cup 328.35 221.82 354.94 251.67
book 344.03 267.87 428.92 298.49
book 129 8 639 270