wine-glass 443.27 330.84 474.4 390.45
wine-glass 589.18 197.26 608.04 236.84
wine-glass 543.37 184.95 554.16 199.26
wine-glass 449.17 263.15 475.77 331.55
wine-glass 162.09 199.93 171.56 211.46
cup 290.34 278.62 306.56 312.6
diningtable 138.83 260.02 634.98 474.19
person 491.87 141.3 593.26 331.15
person 375.66 126.82 497.1 304.89
person 313.47 144.04 395.23 279.14
person 265.3 138.48 341.26 260.28
person 115.91 140.58 199.72 266.73
bottle 413.31 228.92 451.98 369.92
bottle 310.06 247.42 337.95 344.72
bottle 357.7 225.16 380.41 269.33
bottle 172 200.72 190.13 275.47
bottle 211.88 211.64 227.8 276.84
bottle 197.73 216.33 220.34 290.56
bottle 271.18 205.33 287.76 264.82
bottle 335.35 252.3 352.85 351.07
wine-glass 44.67 225.37 78.28 306.74
wine-glass 1.54 157.08 26.06 196.91
wine-glass 39.86 187.89 51.53 207.06
wine-glass 233.12 260.28 244.43 291.25
wine-glass 286.16 174.99 294.85 186.65
cup 232.19 257.97 259.95 291.76
person 202.79 146.52 277.21 244.67
person 52.5 143.62 144.06 338.53
person 0 346.49 340.54 475.14
person 0 259.96 300.94 470.29
wine-glass 345.2 165.85 361.42 179.94
chair 576.63 292.56 640.0 387.45
bottle 341.5 269.14 395.38 368.35
wine-glass 0.53 279.92 12.79 346.73
knife 257.25 321.91 302.81 331.23
person 506.54 180.3 640.0 350.33
wine-glass 400.57 138.59 416.36 172.75
wine-glass 230 210 263 262
