person 23.01 214.29 310.65 632.81
cup 332.81 501.19 362.4 540.3
banana 389.06 288.65 423.17 301.84
banana 461.8 406.49 491.29 425.94
banana 601.16 397.83 623.36 412.63
banana 435.47 229.95 563.5 313.38
banana 563.08 262.27 599.56 287.74
banana 603.43 213.75 632.37 231.73
banana 490.83 401.98 518.15 416.6
banana 465.31 366.34 496.47 381.92
banana 477.72 377.62 504.75 395.0
banana 466.93 376.65 489.1 391.69
banana 443.29 381.86 474.82 399.19
banana 562.83 353.63 620.67 405.32
banana 474.66 407.76 585.43 476.85
banana 54 21 639 590