bottle 573.46 223.63 581.88 247.91
bottle 594.28 231.74 601.0 245.16
bottle 435.32 178.03 442.81 191.89
bottle 399.97 99.4 413.86 129.32
chair 200.84 226.38 298.94 418.99
chair 285.97 226 359.06 358.96
chair 566.35 249.67 620.67 262.29
chair 354.32 222.11 403.38 304.84
chair 528.3 267.96 589.46 299.64
chair 590.48 290.19 638.79 306.5
chair 450.11 284.32 546.19 298.3
diningtable 339.04 290.18 640.0 360.85
person 266.02 167.04 312.96 225.44
person 307.06 161.06 341.23 225.86
oven 208.12 220.2 247.14 230.88
chair 513.04 246.05 535.28 265.17
bottle 415.21 143.11 422.81 159.24
bottle 249.4 209.14 258.66 223.42
chair 337.03 322.03 472.7 425.0
diningtable 501.8 256.47 639.13 300.86
diningtable 524.67 223.13 640.0 262.16
bowl 75.88 157.87 88.9 162.56
bowl 88.91 157.71 101.73 162.25
bowl 60.77 156.84 72.36 163.61