bottle 332.24 366.8 371.65 507.07
bottle 212.64 462.52 251.68 533.11
cell-phone 375.07 471.06 416.76 497.37
person 247.5 226.69 414.4 428.81
person 375.45 242.05 610.62 540.49
person 0 261.3 187.04 533.61
wine-glass 206.95 346.05 244.52 441.23
wine-glass 298.49 405.13 341.9 533.7
wine-glass 400.41 380.04 448.42 501.21
wine-glass 187.34 330.43 217.43 411.11
wine-glass 257.94 421.4 306.08 534.6
knife 135.49 463.28 202.89 494.95
pizza 177.52 431.3 220.61 460.7
wine-glass 578.85 271.75 610.68 331.95
fork 125.04 437.27 188.43 463.6
