car 108.56 119.19 134.84 144.4
motorbike 273.38 277.38 588.67 439.01
motorbike 198.55 283.61 339.24 438.26
motorbike 102.54 232.55 416.13 438.62
motorbike 74.83 172.86 250.44 412.32
person 317.45 116.23 376.05 226.36
person 351.16 106.67 406.31 258.13
person 308.35 109.31 334.78 218.8
person 383.76 51.9 415.23 105.71
person 137.8 111.86 146.13 146.92
person 318.14 67.07 328.41 82.7
person 300.25 69.55 318.14 83.1
motorbike 44.1 182.16 96.22 242.3
motorbike 516.02 136.03 639.38 254.86
motorbike 456.98 129.47 574.08 234.27
motorbike 46.39 169.38 173.23 307.25
motorbike 47.78 152.86 139.62 224.84
truck 80.31 93.79 178.86 130.74
person 416.56 46.11 443.41 104.95
person 373.18 54.32 386.05 77.57
motorbike 55.26 156.86 169.58 317.31
motorbike 423.17 345.33 640.0 437.42
motorbike 289.5 130.39 317.45 195.2
diningtable 122.24 91.11 178.75 101.49
person 345.72 61.21 371.33 110.91
person 154.07 115.21 167.4 132.69
motorbike 384.9 249.87 558.77 338.16
truck 107.41 113.98 135.99 141.66
person 1 40 518 131
motorbike 20 112 639 443