baseball-bat 130.6 18.2 248.49 129.16
baseball-glove 421.31 354.73 486.74 406.39
person 6.9 89.39 285.34 474.83
person 416.15 248.78 640.0 484.09
person 383.43 66.58 477.56 173.35
person 390.31 16.07 440.83 95.28
person 339.52 54.49 391.14 145.77
person 309.89 94.61 383.28 172.18
person 240.97 48.57 323.0 148.32
person 286.04 2.19 367.33 92.98
person 374.42 1.05 467.0 78.38
person 546.3 59.5 634.4 150.64
person 0 13.25 59.03 219.26
person 0 54.38 38.95 191.24
person 400.23 100.43 540.85 271.41
person 21 0 639 311
