horse 212.78 210.8 280.53 360.62
handbag 61 261.95 83.57 314.18
person 69.66 234.83 122.47 389.89
person 158.09 87.37 188.7 167.25
person 108.99 236.74 135.96 331.12
person 136.11 254.68 151.22 297.68
person 338.81 288.31 349.64 312.5
person 156.16 91.7 172.39 125.03
person 229.96 111.35 287.85 178.07
person 258.5 114.02 273.0 143.99
person 338.66 279.87 347.95 311.91
person 214.7 107.94 231.95 137.62
person 186.72 108.47 219.24 169.79
person 149.45 253.16 165.6 281.53
bench 204.85 131.72 253.59 166.73
person 137.63 241.48 150.28 255.87
truck 156.9 117.78 293.5 312.07
person 126 109 290 264