bottle 110.98 393.4 127.63 440.0
bottle 569.03 299.63 584.33 321.31
sofa 1.03 300.39 338.58 473.81
sofa 444.9 262.19 640.0 420.13
person 119.49 102.54 302.77 478.89
person 348.85 132.51 515.15 480.0
cup 569.19 318.11 587.44 343.3
laptop 281.95 331.84 320.22 366.54
laptop 69.22 369.55 164.83 428.42
remote 184.47 167.47 210.81 236.78
remote 492.71 171.67 504.58 206.54
remote 139.13 417.12 172.89 432.77
remote 65.69 417.18 91.18 432.57
book 322.72 271.49 338.63 276.15
book 299.7 247.2 305.09 262.44
remote 239.47 176.4 249.58 194.3
book 319.28 310.73 323.36 327.03
book 304.42 242.69 344.86 264.03
book 272.39 290.55 297.66 308.86
book 298.89 290.03 302.03 305.83
book 311.16 312.59 316.36 328.38
book 325.42 307.73 333.77 325.17
book 339.49 264.15 344.83 281.38
book 301.09 289.55 308.7 306.46
book 305.08 247.81 308.27 264.78
book 331.65 308.15 344.78 325.65
book 311.17 288.85 315.4 304.6