bottle 554.26 240.03 610.14 353.63
laptop 435.79 194.33 579.17 300.98
mouse 422.15 326.25 469.66 365.73
keyboard 215.88 268.17 410.65 326.7
book 110.42 204.56 128.37 268.85
book 64.04 266.09 164.74 301.14
book 50.55 292.56 174.37 347.76
tvmonitor 253.12 90.1 404.56 266.55
mouse 411.22 279.17 436.86 301.9
book 126.56 194.75 146.81 268.37
book 119 192.1 137.2 269.02
book 63.22 200.78 79.73 272.72
book 97.49 197.83 113.01 272.54
book 133.3 188.19 164.13 272.0
book 158.89 197.47 170.04 271.56
book 153.36 175.83 181.72 270.86
book 65.67 195.68 87.59 271.94
book 68.75 192.61 99.55 269.88
book 96.41 190.63 120.83 269.89