bird 327.76 296.57 346.41 308.12
bird 379.01 294.14 410.05 308.31
bird 405.63 299.32 433.45 314.87
bird 503.97 290.78 529.95 304.36
bird 349.23 293.83 378.14 304.67
bird 234.99 295.7 251.53 300.59
cow 489.19 220.74 570.92 274.53
cow 416.95 219.55 464.1 274.44
cow 428.45 189.2 499.88 230.01
cow 326.7 219.17 388.64 277.61
cow 310.1 211.69 338.01 275.12
cow 280.22 218.16 314.9 277.15
cow 243.51 213.71 280.75 279.45
cow 135.34 213.5 224.62 266.78
cow 145.29 200.82 213.13 230.92
cow 121.01 197 162.24 230.97
cow 24.85 205.33 95.34 244.83
cow 222.05 203.76 280.97 242.4
cow 260.01 193.71 306.74 221.13
cow 358.34 219.61 412.9 277.84
cow 110.69 195 156.21 220.86
bird 327.65 292.23 348.15 302.48
cow 237.39 184.15 288.47 206.42
bird 318.42 300.7 328.11 306.84
bird 456.71 292.07 486.0 302.67
cow 14 126 629 230