handbag 456.53 362.05 478.25 410.09
handbag 252.2 369.18 271.75 386.32
handbag 384.42 360.46 406.92 404.93
suitcase 216.94 395.98 249.54 427.78
person 378.73 330.97 425.47 461.54
person 327.57 333.91 355.98 446.1
person 252.08 327.39 282.55 431.61
person 152.15 324.57 189.27 377.31
person 190.02 317.81 205.44 398.61
person 233.54 319.89 249.61 347.15
person 261.45 314.8 276.92 342.58
backpack 19.18 341.22 38.39 359.62
person 106.89 322.44 135.39 417.03
person 439.57 342.91 483.29 466.93
person 47.5 323.48 88.91 377.0
truck 2.37 366.22 119.7 471.7
handbag 136.33 334.78 146.46 363.46
person 127.69 314.69 147.76 351.3
person 134.96 319.39 164.47 414.68
person 176.19 325.98 198.78 414.06
backpack 483.1 344.14 485.59 366.42
handbag 242.94 341.84 257.17 370.01
handbag 80.8 328.66 97.25 352.21
handbag 417.54 357 434.58 395.31
handbag 190.04 356.07 203.51 374.22
handbag 428.5 412.85 450.29 436.48
person 0 269 639 457