baseball-bat 309.73 159.36 335.9 207.22
person 61.62 147.88 160.21 457.0
person 228.36 187.06 240.77 215.87
person 408.83 189.45 420.36 215.98
person 514.07 186.8 534.3 242.43
person 570.48 202.61 577.5 217.32
person 580.58 196.4 595.4 223.17
person 35.37 190.2 63.04 218.89
person 276.76 188.37 284.57 202.21
person 2.87 198.84 11.87 222.44
person 301.25 177.27 348.39 311.5
baseball-bat 11.39 264.26 65.29 270.03
baseball-bat 32.03 268.61 64.91 271.74
baseball-bat 23.4 270.91 55.12 274.67
chair 34.87 195.77 48.83 211.67
sports-ball 437.16 152.96 441.55 156.9
