bottle 571.23 283.43 580.89 308.03
car 554.64 167.69 601.3 207.08
car 298.73 170.1 373.83 230.29
car 425.11 163.46 465.13 203.77
car 457.65 157.53 555.37 231.51
car 304.38 166.37 353.47 196.55
motorbike 70.11 196.31 327.91 366.74
motorbike 182.5 185.44 234.86 275.48
person 352.76 154.48 405.12 338.5
person 227.62 164.6 271.52 277.64
person 403.78 148.13 445.93 288.34
person 463.82 151.01 530.7 278.29
person 189.49 144.59 234.31 220.35
truck 0 102.31 256.87 230.75
truck 256.65 148.37 329.01 196.61
person 392 150.79 410.89 224.51
car 544.32 160.81 586.31 195.08
truck 422.2 153.28 440.11 165.76