bird 8.59 361.21 47.51 387.16
chair 499.49 232.67 621.9 311.11
chair 432.39 248.83 530.93 294.1
chair 350.24 283.37 424.94 339.1
chair 338.21 264.05 376.31 341.87
person 322.87 234.56 352.4 351.46
person 125.44 246.54 217.41 270.07
person 219.55 204.87 272.42 302.27
person 369.62 253.85 489.77 284.05
person 269.23 244.32 329.26 346.89
umbrella 329.25 157.83 518.63 338.19
umbrella 61.81 159.63 183.11 205.96
umbrella 134.17 157.05 345.97 336.67
umbrella 466.23 163.89 607.85 285.58
person 161.14 246.27 233.52 274.73
chair 167.97 226.69 275.18 294.25