clock 227.43 152.53 267.26 186.75
person 32.23 438.56 60.3 513.22
person 69.64 436.34 94.92 509.16
person 402.38 452.89 432.66 516.32
person 466.18 453.48 477.69 477.03
person 157.37 441.78 164.13 465.17
car 6.19 441.46 79.1 487.74
person 87.65 441.35 102.5 506.7
bicycle 231.98 467.31 282.78 508.19
traffic-light 376.97 372.63 396.83 419.28
traffic-light 461.24 420.88 469.7 435.66
traffic-light 471.07 402.56 480.0 424.94
traffic-light 406.9 389.31 424.67 436.1
handbag 54.23 463.8 60.78 473.63
person 447.78 450.94 464.34 475.68
truck 317.95 446.94 434.57 507.75
person 397 442.8 416.07 472.9
person 319.48 446.15 327.64 462.74
person 102.56 448.86 110.92 463.9
car 314.28 457.94 332.15 489.94
