tie 181.36 153.53 207.26 218.78
chair 500.89 111.31 639.06 313.77
diningtable 498.97 37.42 640.0 315.69
person 145.85 71.67 276.35 324.99
person 253.5 6.51 338.32 204.1
person 330.09 1.92 432.76 190.95
person 421.23 1.44 506.82 224.56
person 525.58 0 631.8 69.14
person 0.32 299.46 45.59 427.0
cup 546.67 47.87 566.78 101.48
cup 564.77 69.66 583.88 104.25
cup 610.98 76.21 628.48 112.47
suitcase 234.93 225.68 302.3 401.05
wine-glass 532.68 42.77 548.88 77.22
cup 590.13 67.94 610.74 108.73
cup 632.19 54.99 640.0 78.55
cup 562.68 44.72 578.16 76.75
cup 585.64 68.63 591.84 102.35
cup 577 49.66 589.11 83.23
person 490.31 0 554.34 151.7
