tie 520.75 208.8 552.97 312.97
tie 87.35 205.75 93.17 232.93
tie 128.26 214.72 136.54 233.47
person 323.16 68.29 640.0 423.19
person 174.95 186.68 310.42 387.54
person 197.18 164.89 239.19 298.14
person 138.5 153.92 192.92 346.08
person 96.18 177.93 170.24 382.8
person 57.58 174.65 111.32 369.46
person 222.18 172.16 277.0 225.06
tie 222.66 193.43 229.48 200.17
person 270.48 222.1 314.83 354.61
person 384.73 177.43 414.35 250.51
person 188.29 181.49 204.53 218.77
person 311.9 185.45 339.25 334.34
person 278.86 201.24 289.58 217.7
diningtable 0 222.05 64.86 286.56