bottle 0 215.76 55.08 431.42
bottle 0 137.33 106.43 436.0
diningtable 97.98 333.12 280.22 431.1
spoon 131.11 62.77 272.66 243.27
person 491.91 0.07 639.43 58.29
knife 372.32 121.55 496.15 169.18
knife 392.94 126.33 529.85 172.24
knife 342.63 118.3 480.03 169.14
bowl 127.97 115.51 343.14 327.28
sandwich 322.46 281.58 523.43 417.83
diningtable 0 1.42 640 430.62
bottle 25.77 58.12 157.86 403.91
sandwich 308.19 181.2 522.16 285.04
sandwich 477.68 221.69 622.91 302.24
sandwich 515.27 262.56 632.04 383.61
sandwich 152.87 239.14 373.56 378.94
sandwich 187.17 159.85 415.44 302.66