person 210.27 143.29 430.09 419.44
keyboard 212.6 373.38 306.31 419.4
book 573 338.51 591.33 416.44
book 582.79 173.25 595.6 229.67
book 493.88 135.06 580.73 144.92
book 542.36 1.58 565.77 85.81
book 587.16 356.53 640.0 385.01
book 607.35 176.4 631.98 234.29
book 565.35 342.67 580.79 415.66
book 558.57 343.32 574.71 412.2
book 474.06 318.68 521.97 400.72
book 519.42 325.62 540.28 406.72
book 591.04 173.44 607.18 230.57
chair 383.97 247.49 431.41 419.77
tvmonitor 42.28 253.82 217.62 471.44
book 577.41 6.38 592.82 86.1
book 597.02 174.47 617.45 233.56
book 82 0 639 479