person 203.8 65.22 288.04 201.0
person 242.73 133.19 319.35 246.32
pizza 223.98 270.56 264.28 291.33
pizza 240.61 282.54 266.34 297.04
pizza 252.35 232.34 297.77 257.51
pizza 386.62 143.91 407.44 151.47
cell-phone 442.99 9.13 449.66 17.47
person 288.7 288.7 411.61 418.28
person 300.93 92.1 353.44 190.59
person 440.96 211.59 543.85 384.06
person 428.05 0.2 467.88 103.78
person 497.42 65.38 608.38 240.53
person 57.58 290 198.91 417.72
person 144.95 179.8 237.46 340.16
person 209.44 12.3 256.85 106.39
person 104.73 0.58 188.32 215.79
person 41.31 0 146.0 200.63
pizza 268.24 335.47 291.27 377.28
pizza 328.16 257.88 370.87 272.43
pizza 313.61 206.13 340.47 222.15
pizza 340.68 184.04 371.44 193.0
pizza 399.24 128.83 419.08 136.35
pizza 408.04 168.79 434.04 180.8
pizza 147.06 349.08 211.93 379.67
pizza 318.87 291.52 345.75 308.28
diningtable 175.11 303.96 254.4 364.53
person 330.9 19.73 399.32 116.76
pizza 138.09 342.04 188.74 359.64
diningtable 132.16 115.64 448.23 416.29
pizza 353 109 482 228
person 1 1 639 373
