horse 454.12 125.44 475.29 149.79
horse 32.47 91.86 49.81 116.71
cow 77.2 142.8 229.2 408.21
person 446.49 100.58 472.89 142.79
person 29.22 77.65 53.85 115.4
cow 293.42 180.71 381.92 348.28
cow 416.8 158.39 487.42 271.14
cow 497.94 139.63 602.3 275.25
cow 327.18 155.99 434.29 226.94
cow 290.15 153.96 318.81 170.31
cow 256.06 150.83 289.32 172.28
cow 194.99 172.27 299.54 386.67
cow 198.4 155.11 222.6 168.67
cow 411.83 143.93 452.94 164.16
cow 456.37 147.82 500.19 227.18
cow 585.65 150.31 616.59 224.33
cow 273.09 130.49 294.2 148.0
cow 0 130.97 85.55 464.72
horse 451.04 117.47 467.65 145.05
cow 97 105 639 249