car 581.89 2.61 640.0 99.98
car 105.53 0.43 238.45 54.3
motorbike 4.84 46.03 517.2 528.1
person 251.94 37.55 456.64 306.44
person 162.7 1.58 208.25 128.64
person 64.24 17.49 109.5 138.64
person 540.69 24.3 583.27 130.33
person 529.97 9.42 549.18 123.59
person 431.88 14.34 477.61 84.57
person 334.31 25.03 361.64 85.53
person 27.02 24.98 77.76 144.03
person 511.15 15.21 536.42 119.72
person 149.29 49.74 171.6 71.03
backpack 162.02 17.56 193.1 55.74
handbag 21.21 42.29 53.18 85.23
handbag 71.08 37.5 98.31 78.57
handbag 230.35 107.62 243.05 132.66
handbag 431.91 49.82 454.52 83.91
handbag 373.66 23.38 387.81 61.06
handbag 411.74 129.99 443.72 185.0
apple 399.66 30.67 403.52 34.11
person 477.7 16.68 517.53 58.03
handbag 349.39 51.74 380.16 84.99
person 228.72 4.95 276.7 196.88