person 86.01 131.82 124.55 234.6
person 226.13 148.52 269.98 235.82
person 140.82 173.68 178.9 237.82
person 228.57 73.98 248.92 107.54
person 99.68 31.98 118.8 65.06
person 138.43 128.3 165.35 189.54
person 116.91 52.39 135.92 84.38
person 135.52 39.92 155.53 73.49
person 122.61 175.21 138.29 189.15
baseball-glove 168.11 226.26 177.7 236.92
person 124.32 8.26 152.33 39.13
person 138.81 10.69 163.51 38.78
bench 198.49 181.66 217.0 188.12
bench 198.39 49.56 278.73 59.97
baseball-bat 225.7 164.68 267.16 186.58
person 202.23 55.21 217.92 82.51
person 191.89 57.63 208.44 90.43
person 1 14 498 195
