dog 248.44 141.47 401.12 237.22
frisbee 438.18 159 469.05 177.61
bench 292.44 305.92 342.96 309.39
bench 50.12 297.08 90.37 300.97
bench 449.44 299.41 501.11 306.02
bench 466.39 277.25 514.49 282.85
bench 474.79 268 520.65 272.34
bench 358.93 287.36 417.34 292.8
bench 238.7 276.93 282.54 280.9
bench 116.17 281.36 161.12 284.89
bench 210.57 316.07 247.34 331.25
bench 244.16 308.28 293.28 312.02
bench 251.12 302.26 298.43 305.37
bench 298.53 300.49 347.96 303.63
bench 304.7 294.02 354.03 299.52
bench 34 111 639 354