bird 363.49 434.82 427.39 477.42
cow 443.87 119.74 566.71 314.84
cow 23.62 279.35 184.7 374.92
person 168.97 38.31 269.06 220.2
cow 380.99 269.06 633.9 393.9
bowl 160.93 218.69 188.98 232.71
bowl 114.53 217.93 138.48 229.67
bowl 138.84 220.48 163.85 230.38
bowl 99.24 212.91 123.63 229.7
bowl 137.68 213.83 173.55 218.41
bowl 115.94 204.81 140.59 217.53
bowl 138.38 205.45 173.47 212.4
bowl 130.01 179.46 151.73 187.88
bowl 140.51 191.27 151.94 198.74
bird 254.05 377.7 281.0 434.69
bird 263.21 345.8 310.5 395.25
bird 393.16 76.63 451.29 133.91
bird 388.31 129.44 403.42 156.4
bird 228.38 292.25 243.71 321.88
bird 274.78 328.87 299.38 364.33
bird 376.51 297.06 404.94 318.39
bird 413.79 278.58 429.93 288.97
bird 554.02 76.97 607.62 119.76
bird 588.1 189.99 623.6 215.67
bird 188.51 304.41 229.51 332.88
bowl 138.81 217.14 170.89 220.61
person 38.31 52.51 127.91 200.86
bird 252.36 304.27 280.61 321.95
bird 211 119 616 437