person 24.86 10.27 250.81 381.08
bowl 512.59 182.61 581.94 224.35
person 586.08 340.16 639.77 403.03
bottle 296.92 118.05 357.16 421.2
bottle 359.53 145.45 395.75 321.15
bottle 387.41 146.33 422.77 311.1
bottle 412.98 118.12 438.72 275.74
bottle 436.71 119.87 459.33 278.66
bottle 238.48 130.66 249.66 176.94
bottle 227.38 127.15 239.22 178.47
bottle 212.17 126.86 223.79 177.67
bottle 200.07 134.87 211.58 165.75
bottle 580.09 141.91 596.72 199.54
bottle 452.5 169.7 466.69 278.97
tvmonitor 0 0.3 60.54 30.71
tvmonitor 499.18 91.03 562.7 155.6
refrigerator 451.57 119.67 529.64 229.37
bottle 339.05 146.84 365.12 331.87
wine-glass 134.65 354.08 216.94 472.52
wine-glass 412.4 276.53 462.17 380.69
diningtable 6.23 115.95 640.0 473.77
