chair 464.78 255.96 527.52 349.06
tennis-racket 418.27 224.84 473.04 257.63
person 408.43 75.45 466.2 166.43
person 270.79 51.86 324.09 151.56
person 0 102.22 19.24 169.11
chair 388.16 254.2 451.54 348.99
chair 170.07 123.46 253.0 322.25
person 124.3 2.64 165.32 86.1
person 396.19 0 441.48 21.33
person 10.56 181.36 74.84 364.63
person 95.21 0 130.04 24.2
person 366.01 0 393.94 38.25
person 165.37 0.57 218.46 99.15
umbrella 157.37 14.31 249.82 47.33
chair 190.2 151.73 219.63 163.59
chair 0 258.15 22.47 351.85
person 587.45 0 623.47 78.05
person 39.39 66.19 95.13 168.28
person 536.8 0 584.49 80.96
person 168 60 482 374
