boat 293.41 135.67 359.07 165.81
person 340.6 164.04 351.97 184.78
person 113.09 151.18 127.76 174.19
person 319.71 142.24 336.53 158.91
person 355.69 147.05 362.11 153.76
person 380.68 144.24 384.21 148.83
person 310.16 161.75 318.84 180.34
person 365.2 143.17 369.58 149.03
person 559.97 132.88 565.31 138.61
cow 13.13 270.58 87.79 327.74
cow 134.77 283.01 228.76 352.08
cow 452.36 258.77 535.89 330.21
cow 552.04 256.73 619.57 317.83
person 599.67 137.78 605.53 144.19
person 530.91 136.7 545.0 140.55
person 565.27 135.55 572.21 141.05
person 133.12 171.37 138.13 176.87