umbrella 1.91 117.75 212.52 188.59
car 575.21 214.55 640.0 276.91
car 551.14 217.79 582.38 259.45
hot-dog 226.68 258.86 247.67 274.17
car 0 217.7 62.16 240.69
bottle 214.25 181.95 222.12 200.98
bottle 231.8 177.41 239.89 201.9
bottle 227.04 185.11 231.94 201.04
bottle 257.18 182.83 264.21 200.93
bottle 288.42 181.63 297.65 204.57
bottle 251.05 216.83 258.04 235.7
bottle 204.69 181.56 210.91 192.96
bottle 226.85 214.79 233.62 235.09
bottle 239.01 182.7 244.73 201.08
hot-dog 224.62 275.3 257.37 295.52
hot-dog 221.03 312.34 252.81 330.62
person 375.75 218.13 386.59 242.32
person 361 216.18 367.19 242.54
person 93.24 216.84 99.91 231.67
person 84.71 214.2 93.33 230.91
person 328.03 218.98 337.01 248.55
bottle 270.45 181.7 277.47 200.49
bottle 277.14 180.94 284.75 201.0
bottle 186.88 184.49 193.63 202.83
bottle 191.96 184.27 199.29 202.66
handbag 335.68 228.51 339.7 237.43
hot-dog 154.19 294.03 180.17 315.45
bottle 117 176 332 239
