bottle 171.43 197.48 181.38 223.79
bottle 163.04 193.97 170.58 223.04
clock 546.14 130.53 591.29 182.61
chair 318.72 338.93 408.7 480.0
chair 414.99 322.47 501.1 480.0
chair 495.1 298.79 584.63 463.82
banana 514.92 226.25 531.26 236.32
apple 529.03 236.46 541.32 247.85
apple 518.67 233.59 530.23 243.14
apple 539.21 236.38 550.16 246.04
orange 528.61 230.34 540.96 237.74
orange 549.12 235.06 560.96 241.94
diningtable 0 233.11 617.76 480.0
oven 199.94 237.25 280.3 269.22
sink 242.43 256 413.36 290.7
cup 304.51 192.17 320.25 222.08
bowl 117.47 220.07 143.34 238.15
bowl 506.55 226.24 569.75 250.04
chair 220 359.38 320 474.38
refrigerator 2.49 97.25 114.7 260.57
bottle 417.46 238.31 427.11 268.97