aeroplane 0 19.53 323.3 313.44
bus 310.4 82.44 498.93 177.06
truck 468.24 46.99 488.59 59.12
truck 462.26 57.73 480.28 67.34
handbag 267.8 152.11 276.74 172.66
handbag 416.28 166.77 424.75 177.56
suitcase 293.94 183.48 306.94 218.29
person 410.56 113.9 423.97 141.83
person 439.43 210.04 477.42 303.23
person 271.06 145.2 286.94 189.8
person 179.21 103.94 185.67 127.6
person 298.73 153.04 315.33 208.28
person 403.03 132.17 417.59 172.44
person 413.63 155.85 436.65 207.51
person 428.97 169.64 460.41 227.38
person 349.24 161.85 374.9 224.12
aeroplane 489.87 30.27 500.0 34.37
handbag 313.41 177.83 319.03 186.57
handbag 448.88 177.96 457.35 198.96
suitcase 365.43 197.04 380.36 216.51
person 234.39 120.59 252.51 149.67
person 382.69 125.71 399.91 170.13
person 455.61 170.3 499.96 236.82
backpack 459.22 233.72 478.12 270.27
backpack 401.94 170.57 414.81 193.33
backpack 214.78 118.53 219.92 128.61
backpack 232.95 121.42 239.78 132.89
backpack 128.3 126.39 135.98 134.45
backpack 407.4 138.43 415.93 153.45
backpack 388.78 131.14 399.45 149.88
backpack 483.31 182.11 499.53 212.24
backpack 446.98 177.11 458.13 197.04
backpack 246.97 121.39 250.79 124.93
handbag 344.22 198.43 356.49 218.5
person 389.37 161.95 412.27 221.11
suitcase 344.09 198.57 356.21 218.15
truck 484.83 57.74 500.0 66.54
handbag 453.05 198.08 460.24 214.32
handbag 483.86 181.97 499.17 211.63
handbag 277.71 156.31 283.69 172.88
person 122 46 439 221