chair 253.28 197.28 335.51 328.38
chair 81.96 198.86 109.28 233.29
chair 67.25 181.46 114.52 251.68
chair 57.13 166.6 76.06 185.73
chair 77.8 147.92 100.24 181.01
chair 261.3 150.83 292.69 191.19
person 280.41 111.91 302.26 143.06
cake 174.89 30.98 254.51 168.49
cake 159.88 158.74 260.09 222.29
diningtable 2.24 326.91 375.0 500.0
diningtable 243.84 184.81 365.44 302.47
diningtable 83.49 174.11 175.5 314.15
cake 148.51 274.58 263.97 356.72
cake 137.21 372.85 282.47 483.38
chair 257.56 182.1 283.37 203.72
pottedplant 42.6 104.64 77.23 154.34
pottedplant 329.54 100.3 369.83 147.68
chair 139.3 149.53 158.51 172.16
chair 166.17 139.38 174.22 146.57
chair 70.12 183.79 93.01 228.81
chair 322.36 149.15 342.15 180.25
chair 73.22 212.25 120.3 317.15
chair 311.63 177.44 327.75 200.82
chair 237 127 312 167