sandwich 89.17 461.66 339.42 625.62
car 338.8 131.31 442.42 183.44
chair 86.49 186.67 119.64 330.81
diningtable 0 346.37 478.19 630.97
person 123.69 5.51 409.89 372.25
person 90.61 116.49 185.53 345.17
carrot 320.55 361.02 357.56 379.04
carrot 334.27 343.16 344.16 359.8
person 433.24 222.32 480.0 385.28
person 390.7 115.12 480.0 239.95
car 0 112.94 83.31 224.52
fork 200.42 380.02 236.04 430.02
knife 204.47 402.29 217.77 443.84
cake 283.37 373.75 372.78 403.62
chair 388.55 246.01 458.32 349.85
chair 409.77 220.47 432.51 239.08
clock 254.51 264.8 267.26 278.15
cup 464.36 349.17 480.0 468.57
carrot 296.1 354.41 303.36 374.3
diningtable 402 235.7 461.99 286.37