cell-phone 264.97 178.34 285.04 197.77
cell-phone 316.72 199.49 321.84 204.62
cell-phone 390.76 211.99 438.86 258.47
person 73.95 24.59 281.03 480.0
person 313.89 77.66 443.33 473.53
person 392.64 92.66 503.3 441.03
person 394.79 2.16 638.56 470.29
person 508.17 116.36 555.12 238.31
motorbike 4.46 171.78 63.84 223.19
person 479.05 123.9 487.11 150.86
person 490.6 119.59 506.49 163.97
person 237.06 88.65 365.27 433.26
person 508.92 121.36 525.3 159.89
person 45.38 120.58 98.06 266.96
person 506.1 123.65 514.38 145.87
person 485.45 124.85 491.88 150.41
