person 224.81 184.34 323.83 295.16
person 123.78 55.65 169.84 242.77
person 165.51 63.52 197.57 163.16
person 317.36 114.41 355.49 150.57
surfboard 295.42 92.97 400.29 126.73
person 188.85 70.7 212.16 159.09
person 205.09 70.55 228.71 164.55
person 322.1 126.25 384.68 191.23
person 325.3 112.33 347.05 142.1
person 453.98 118.74 515.45 159.72
person 71.93 106.58 122.71 154.83
person 266.47 107.32 292.11 143.25
person 355.72 101.74 393.95 131.61
person 314.84 171.84 404.11 269.09
person 1 50 446 338