car 305.77 76.16 467.31 122.38
car 446.87 74.21 528.03 120.98
person 7.55 202.66 134.83 418.39
person 461.66 131.6 524.22 263.19
person 419.6 85.21 459.51 183.37
person 0 139.15 51.78 270.74
person 227.55 101.84 299.63 251.0
person 505.52 96.35 565.37 265.29
person 214.71 45.07 243.59 71.79
person 340.57 111.8 409.78 241.22
person 564.5 80.48 614.74 267.34
person 602.84 95.98 640.0 221.99
sheep 341.47 229.92 403.89 305.33
person 388.34 78.72 414.22 115.45
person 273.95 99.64 313.98 167.18
person 281.25 77.65 310.45 106.85
person 0 0 639 462