pottedplant 561.01 183.34 594.01 224.68
chair 278.11 314.78 384.21 474.44
chair 428.39 316.39 548.13 466.06
chair 544.97 309.7 640.0 468.31
diningtable 237.25 257.38 638.89 440.2
refrigerator 14.02 112 84.13 473.35
bowl 406.44 256.33 439.39 284.02
banana 346.86 254.74 367.19 266.38
apple 361.07 255.88 369.38 263.34
microwave 472.81 211.12 530.06 236.33
sink 333.28 230.76 401.43 239.91
vase 300.8 244.23 323.76 278.13
cup 471.75 248.13 494.01 282.0
cup 436.31 166.1 444.01 178.88
cup 477.65 169.16 485.55 180.63
bowl 338.46 254.45 385.31 283.87
bowl 481.31 109.86 505.76 125.17
bowl 507.76 113.35 531.91 125.06
bowl 480.98 137.42 501.07 146.69
bowl 502.69 137.78 526.78 151.42
apple 346.04 258.99 356.9 265.64
apple 369.02 260.94 380.51 267.51
cup 427.73 163.9 435.91 180.24
bowl 427.79 84.51 463.79 93.99
bowl 276.5 83.81 296.74 90.16
bowl 480.24 88.46 517.3 97.18
bowl 244.47 83.21 262.37 89.44
oven 373.4 255.48 471.24 277.9
oven 415.92 242.95 472.37 260.14