motorbike 12.44 205.57 239.47 327.39
bus 287.13 57.96 393.08 168.73
person 431.06 74.13 437.88 96.3
person 55.28 118.15 70.61 143.18
car 404.82 139.89 537.76 240.13
car 371.22 221.19 640.0 422.19
car 0 148.51 50.36 252.0
car 7.36 145.5 84.55 239.85
car 30.35 139.91 112.02 213.41
car 85.71 137.03 142.0 192.65
bus 435.31 43.79 478.1 100.02
truck 436.62 43.76 480.86 94.73
truck 488.85 89.41 562.64 137.83
truck 460.66 76.69 524.69 108.99
person 607.71 141.08 640.0 214.46
car 156.49 116.22 213.91 166.42
car 412.46 107.39 471.75 156.45
car 239.61 114.02 291.09 157.41
car 149.07 123.3 197.98 181.17
car 467.23 102.95 522.54 143.33
car 405.53 83.32 438.42 109.86
motorbike 98.45 154.12 132.78 205.86
car 533.56 135.44 616.96 205.49
motorbike 450.14 23.56 454.12 27.41
person 86.31 133.3 176.59 307.09
car 98 1 639 293