umbrella 99.29 24.64 264.87 82.33
umbrella 5.97 54.25 102.89 166.0
umbrella 0 31.86 58.24 83.37
umbrella 131.64 20.66 202.32 87.37
person 135.75 73.13 326.25 329.63
bench 80.82 186.33 148.17 258.17
hot-dog 255.66 208.36 321.14 261.56
bench 0 201.21 70.6 244.51
bench 0 153.51 102.25 171.52
pottedplant 287.76 172.87 394.84 299.2
diningtable 0.14 165.39 28.58 212.07
diningtable 123.23 167.27 168.03 222.53
diningtable 147.13 140.61 166.02 159.17
diningtable 22.49 135.79 86.49 150.5
bench 126.2 156.38 139.39 168.17
bench 123.91 167.39 166.5 186.44
person 369.02 93.93 424.75 243.26
