person 22.65 111.73 108.22 278.68
backpack 97.03 160.16 255.32 310.71
suitcase 5.06 169.38 92.7 369.94
person 9.59 122.18 55.44 166.93
person 0.17 48.78 44.52 174.6
person 95.62 120.52 117.94 155.6
suitcase 237.33 175.25 370.78 371.2
suitcase 126.69 301.94 237.33 371.2
pottedplant 100.62 145.08 141.8 198.41
backpack 280.52 173.38 500.0 375.0
backpack 255.16 145.25 327.81 204.83
chair 65.59 274.43 107.78 305.25
diningtable 12.19 190.18 35.01 200.06
diningtable 0 171.43 58.44 295.13
suitcase 88.35 323.54 111.48 374.95
suitcase 192.06 156.34 283.63 245.8
person 175.97 108.22 197.23 166.68