person 256.84 70.89 353.91 303.84
person 87.36 184.51 241.16 324.87
person 87.07 71.44 153.6 140.51
person 169.32 74.42 221.95 131.31
person 387.13 60.11 475.27 113.56
person 215.51 76.33 262.66 130.21
baseball-bat 301.85 28.33 364.09 98.07
person 39.66 0 76.33 14.22
bench 138.25 115.98 191.9 134.87
bench 340.92 97.85 419.46 119.04
baseball-glove 213.66 230.4 242.46 263.48
bottle 147.25 103 152.57 118.71
person 17.55 96.95 68.37 149.2
person 49.1 80.86 102.28 143.64
bottle 86.46 107.35 91.13 123.83
person 16.69 141.86 126.71 323.92
