umbrella 172.72 33.29 377.1 216.57
umbrella 283.45 133.31 370.52 174.92
bicycle 425.14 250.63 462.13 352.24
bicycle 444.64 209.64 554.93 358.38
car 401.17 213.7 418.2 230.73
car 583.67 207.03 640.0 348.21
car 563.19 218.91 593.17 241.33
chair 40.77 223.03 113.75 353.28
person 128.2 165.55 197.6 291.82
person 27.67 158.53 102.07 334.65
person 276.3 199.77 294.12 217.95
person 256.44 196.47 270.62 230.65
truck 466.16 197.18 575.3 274.62
umbrella 40.87 0 166.85 38.34
umbrella 332.76 165.49 383.8 217.59
umbrella 344.34 187.9 384.02 202.23
chair 202.41 219.24 238.21 274.56
chair 235.78 207.33 252.46 215.28
chair 288.55 222.42 305.6 256.16
chair 0.66 240.91 14.07 259.19
chair 131.56 233.02 178.48 291.61
person 287.19 198.5 317.0 227.95
car 585.16 213.81 611.7 234.01
diningtable 169.95 218.52 212.6 263.83
diningtable 278.03 215.14 317.74 223.76
handbag 471.13 222.93 497.18 272.81
chair 256.42 219.26 267.15 244.38