sandwich 134.12 195.63 186.59 245.21
fork 317.02 455.76 354.96 480.11
fork 399.21 195.48 441.91 223.15
knife 432.06 162.32 473.27 182.5
spoon 76.61 456.41 120.37 466.9
spoon 24.49 471.89 59.6 492.82
carrot 455.71 323.43 485.37 350.73
carrot 453.81 311.41 485.56 331.43
carrot 429.91 328.61 460.23 349.06
donut 36.97 342.35 66.62 369.01
cake 314.02 258.36 371.53 309.91
knife 263.81 459.1 311.28 491.4
knife 200.18 328.95 236.5 368.79
spoon 80.87 77.86 100.76 81.1
bowl 82 150.58 126.88 191.25
bowl 81.64 54.56 118.26 86.89
bowl 327.76 139.8 368.85 173.87
bowl 34.38 403.16 69.55 430.26
bowl 413.42 70.49 475.49 116.19
sandwich 192.57 206.64 248.87 249.44
pizza 393.89 422.1 436.73 460.72
donut 2.45 323.3 22.68 352.87
cake 252.39 381.55 292.84 441.87
chair 126.8 251.27 165.5 328.68
diningtable 129.87 262.66 249.99 375.87
diningtable 375 126.69 497.75 251.69
diningtable 376.4 377.53 498.88 494.38
diningtable 5.07 391.69 125.59 497.14
diningtable 48.32 269.55 125.4 375.06
diningtable 1.41 141.17 126.53 248.73
diningtable 252.81 28.37 371.91 125.0
diningtable 125.84 3.65 249.44 123.88
diningtable 369.66 1.4 497.75 122.75
vase 66.6 377.51 92.61 414.52
cup 424.23 135.4 460.51 163.09
cup 30.92 255.17 62.85 311.8
spoon 280.6 91.67 307.69 103.77
bowl 445.63 11.15 496.79 66.1
sandwich 197.7 154.09 249.87 176.28
sandwich 164.69 169.68 211.46 210.99
sandwich 126.78 139.66 153.17 171.01
sandwich 212.08 167.21 248.47 207.81
sandwich 189.09 299.44 218.61 329.98
sandwich 181.71 261.53 199.92 281.47
sandwich 146.94 151.39 185.53 181.87
donut 16.16 442.43 35.7 468.25
donut 61.04 325.97 92.21 355.84
donut 2.24 86.93 16.01 105.22
cake 249.91 278.98 276.15 311.97
cake 26.59 214.75 50.29 238.17
cake 328.32 177.93 350.37 201.1
cake 298 171.2 323.9 196.08
cake 268.67 294.57 303.46 328.92
cake 318.26 434.32 349.43 459.46
cake 37.53 59.59 57.47 77.46
cake 92.98 276.83 121.27 300.05
fork 279.18 91.75 307.86 103.71
fork 149.51 304.22 187.09 332.07
cake 71.21 19.25 87.3 36.19
bowl 356.17 386.51 375.42 430.36
bowl 54.46 438.56 85.41 456.67
cake 86.73 29.91 99.01 47.2
cake 0 14 333 467