person 14.32 5.25 283.49 370.35
person 316.19 129.38 549.66 366.81
person 266.91 157.43 372.7 357.75
person 186.64 376.36 336.41 583.16
person 376.07 374.56 473.73 499.62
wine-glass 104.73 528.91 176.43 640.0
cup 112.38 388.94 157.25 488.03
spoon 244.44 196.57 322.33 234.0
spoon 420.65 501.15 474.5 531.93
cake 412.8 513.08 544.28 594.02
cake 207.57 552.07 376.22 640.0
cake 24.41 491.93 134.94 592.52
sofa 260.8 184.4 479.08 280.45
person 2.88 376.63 63.85 448.82
person 454.02 374.99 550.0 522.46
spoon 23.65 447.4 41.84 489.44
spoon 147.79 473.48 160.8 519.55
cup 93.09 528.62 181.19 631.69
sofa 296.28 377.53 367.49 483.44
