umbrella 131.18 0.09 283.42 24.03
umbrella 0 0 108.28 52.33
baseball-bat 248.14 123.91 306.81 176.81
baseball-glove 93.44 212.01 127.4 244.02
person 168.46 91.1 342.12 312.33
person 0 167.7 102.82 321.48
person 362.13 123.28 399.39 240.5
person 399.22 121.26 439.41 238.48
person 442.78 174.81 495.22 238.65
person 476.69 160.85 518.16 238.13
person 501.3 154.4 521.32 218.95
person 15.39 52.9 48.09 83.68
person 599.2 124.07 640.0 233.72
person 287.08 61.38 313.98 87.93
person 201.02 58.67 225.06 84.64
person 158.94 171.27 207.39 244.45
person 528.9 158.82 579.2 238.62
person 0 8 604 251
