chair 512.86 428.8 553.57 473.7
chair 473.58 424.02 512.29 473.57
chair 217.36 419.78 258.0 454.7
chair 541.63 400.06 571.27 418.44
chair 125.44 414.61 158.61 433.04
chair 3.48 395.7 62.96 414.82
chair 128.67 314.12 167.57 335.2
boat 198.01 71 461.62 157.51
boat 451.7 63.7 608.34 162.11
boat 156.78 157.09 174.02 162.34
person 156.12 308.12 164.56 315.28
person 29.85 402.35 63.38 480.0
person 367.8 295.3 384.43 341.16
person 59.93 339.19 84.88 382.73
person 150.93 386.65 176.13 451.15
person 606.72 313.41 627.43 346.16
person 197.79 294.61 209.82 303.82
person 86.86 371.96 110.52 388.33
umbrella 240.79 326.3 427.43 466.71
umbrella 381.64 287.38 515.42 371.74
umbrella 254.52 263.09 355.06 330.37
umbrella 429.11 264.25 530.22 327.44
umbrella 15 252.52 104.57 336.16
umbrella 0 236.44 27.59 273.11
handbag 56.5 418.22 76.99 443.51
person 100.73 429.13 131.8 470.82
person 182.1 407.96 223.75 429.82
person 609.49 311.03 633.5 335.04
handbag 61.49 453.8 70.33 477.12
handbag 97.03 441.34 119.37 480.0
chair 118.57 317.18 134.39 333.74
person 385.42 311.58 399.97 332.23
chair 100.25 313.42 126.58 333.34
chair 153.35 336.06 198.94 364.88
chair 68.87 312.27 104.02 331.52
chair 491.73 398.05 507.53 406.5
person 149.93 303.88 158.12 313.9
chair 191.31 323.71 232.33 339.25
chair 13 319 486 421