dog 297.7 399.52 404.36 480.0
dog 89.29 445.56 182.15 480.0
chair 407.44 188.89 461.82 267.63
person 418.34 177.32 494.81 286.63
bed 179.06 339.78 487.55 472.45
book 32.73 73.76 76.41 122.08
book 0 233.63 21.11 265.79
book 0.01 163.3 25.48 173.15
book 284.98 191.97 305.78 207.85
book 382.19 208.17 395.44 211.29
book 6.93 87.82 32.89 120.49
book 0.44 173.31 22.66 183.14
suitcase 112.75 232.63 182.43 349.77
suitcase 319.16 270.29 364.12 311.37
tvmonitor 432.73 162.98 481.05 197.37
keyboard 459.53 215.89 477.63 222.48