bottle 376.09 243.88 394.67 289.67
bottle 344.44 186.35 353.54 230.29
bottle 315.67 202.53 328.43 235.71
bowl 489.5 274.84 561.34 316.83
bowl 504.3 225.42 524.01 235.51
bowl 485.03 216.81 504.81 227.5
bowl 488.4 196.53 510.51 210.04
sink 351.21 291.09 495.86 331.6
bottle 326.96 200.06 340.53 231.71
bottle 352.29 184.29 359.92 229.23
bowl 504.86 236.41 524.71 244.0
bottle 329.8 263.35 347.95 312.64
toilet 0 351.46 66.72 470.11
bottle 356.18 198.03 374.52 231.67
bottle 543.39 236.57 562.59 261.47
bottle 415.02 206.92 434.14 229.23
bottle 391.51 266.22 405.48 290.74
bottle 295 196 557 331