spoon 471.41 2.25 573.42 127.89
bowl 1.08 0.54 640.0 474.05
broccoli 443.86 179.65 552.28 300.5
broccoli 370.52 143.54 436.06 217.05
broccoli 76.54 3.79 215.73 64.13
broccoli 374.96 1.13 441.6 56.47
broccoli 185.5 237.32 263.37 273.74
broccoli 35.25 346.68 173.84 449.95
broccoli 447.4 296.88 527.21 373.32
broccoli 7.55 187.69 118.65 355.96
broccoli 136.06 78.14 182.49 166.41
broccoli 218.24 5.74 246.39 50.92
broccoli 28.74 415.14 107.62 480.0
broccoli 5 164.38 82.5 241.88
broccoli 0.46 430.91 34.72 480.0
broccoli 116 274 629 368