bus 212.9 112 400.57 314.8
bus 102.28 151.73 215.52 296.56
bus 397.12 187.27 443.19 265.79
bus 463.04 201.7 510.38 261.82
backpack 500.97 235.18 548.67 289.82
backpack 582.69 243.21 597.11 268.89
handbag 73.49 254.22 80.07 258.88
person 490.37 206.84 563.02 402.59
person 593.75 227.29 623.89 307.65
person 561.83 230.43 598.43 311.46
person 237.55 224.82 259.36 246.25
person 56.01 243.15 68.93 281.75
person 40.54 246.11 52.5 280.94
handbag 47.96 251.39 55.08 264.18
person 624.46 233.67 636.03 282.82
person 31.66 244.49 41.0 277.66
person 68.24 243.27 77.79 268.36
person 561.04 230.78 572.67 296.28
person 46.55 243.36 56.09 256.37
person 25 241.88 33.4 261.87
handbag 630.52 248.27 637.26 259.68
person 95.05 244.04 103.4 275.37
handbag 59.64 252.22 68.49 260.97
handbag 93.25 259.87 100.47 269.77
person 566 277 589 309