car 359.91 93.02 499.69 133.21
car 490.87 106.69 615.09 139.83
person 46.28 192.65 266.91 474.62
person 87.47 103.78 129.47 139.26
person 65.18 97.47 91.69 141.15
bench 3.24 319.28 350.56 434.7
laptop 123.67 231.57 220.8 291.61
car 188.11 76.29 296.98 101.35
car 240.78 103.15 404.97 143.31
car 82.66 81.94 228.9 123.96
person 511.82 82.02 521.86 100.71
person 0 94.39 29.98 141.72
person 459.78 108.69 490.65 153.11
person 484.21 79.22 495.43 90.17
bench 16.97 119.09 70.19 141.1
bench 400.7 130.56 501.69 152.86
bench 507.38 131.22 612.39 153.52
person 0 220.45 46.7 338.0
person 594.03 110.48 640.0 161.93
car 573.26 93.01 639.97 132.18
truck 378.27 79.78 509.21 101.98
bench 122 118.73 165.2 133.43
bench 167.28 121.73 257.51 139.99