bottle 36.46 28.07 103.63 269.87
mouse 590.12 162 640.0 207.1
book 131.46 201.35 451.95 251.24
book 80.6 375.18 381.9 421.24
book 113.23 307.86 431.8 358.71
book 173.68 95.8 461.54 167.76
book 137.22 117.07 438.51 144.89
book 422.21 0 541.89 350.03
book 1.92 293.32 113.48 389.49
book 146.18 247.16 432.77 277.93
book 193.33 51.84 428.82 113.21
book 234.13 38.22 436.6 70.85
book 80.79 211.05 426.72 287.12
tvmonitor 87.32 1.76 431.8 51.66
book 119.94 153.59 463.46 209.25
book 429.66 254.48 587.16 410.46
book 1 10 470 426