bicycle 304.48 358.19 341.48 490.76
car 495.12 245.3 639.92 536.07
car 183.24 227.4 267.91 282.47
car 34.4 221.68 101.86 270.39
person 295.3 230.2 378.54 472.86
person 231.84 233.37 314.82 492.06
person 435.63 233.41 460.68 329.91
person 385.79 233.83 413.83 330.9
person 328.41 215.62 348.49 244.26
person 346.27 219.7 367.54 256.69
person 128.7 212.81 143.95 261.13
traffic-light 81.57 141.27 109.66 182.67
backpack 207.64 289.4 251.71 430.17
umbrella 308.95 168.1 400.07 248.83
handbag 284.83 267.03 346.16 363.39
person 135.23 194.72 149.53 212.23
person 121.08 193.97 134.92 212.19
person 151.96 206.71 170.54 260.34
person 298.35 215.4 320.68 240.26
car 0.82 197.69 13.01 212.19
handbag 209.64 293.22 250.25 378.66
