person 2.98 49.24 192.49 326.03
person 159.66 90.27 351.4 326.03
person 348.41 111.04 498.37 328.89
donut 209.45 60.46 250.7 84.66
donut 219.5 37.23 256.45 62.76
donut 155.54 49.08 181.17 59.78
donut 44.73 41.43 78.91 68.28
donut 254.81 39.93 289.52 64.39
donut 139.34 125.62 176.94 149.32
donut 365.95 57.28 395.49 71.03
donut 477.13 118.63 500.0 130.27
donut 447.84 138.67 476.57 149.57
donut 343.18 64.19 367.95 77.34
donut 330.65 45.37 355.85 58.05
donut 424.54 50.81 450.05 63.64
donut 0 0 488 302