person 314.14 336.92 326.34 369.54
person 413.28 335.21 433.23 375.97
bench 411.74 350.37 482.72 376.98
person 518.29 325.01 522.56 333.99
bench 516.34 331.38 530.1 341.95
kite 522.56 180.74 540.35 195.37
kite 392.75 201.15 426.36 254.11
kite 149.27 129.79 193.91 174.72
kite 67.53 227.99 86.82 246.2
kite 36.21 234.88 66.15 270.58
kite 130.6 254.8 141.98 267.25
kite 329.25 179.38 346.17 194.54
kite 273.23 283.27 280.81 294.24
kite 281.81 259.24 290.6 268.09
kite 390.92 264.56 402.09 280.14
person 291.36 334.18 306.91 367.19
kite 185.91 276.75 190.64 284.64
kite 363.88 262.27 372.09 267.27
kite 356.5 231.39 367.3 244.14
kite 32 128 538 299