bottle 202.17 283.84 240.6 368.1
bottle 154.57 253.18 187.82 327.94
cell-phone 64.27 466.28 156.92 503.85
cup 164.06 327.13 190.68 378.49
cup 370.22 399.3 424.03 506.92
cup 194.98 364.69 243.27 465.17
fork 48.11 563.92 260.45 640.0
fork 68.16 545.65 261.83 617.85
fork 80.59 401.36 178.29 422.64
fork 137.1 396.06 197.6 412.79
spoon 335.68 547.18 472.26 640.0
spoon 48.82 455.2 193.05 479.8
cake 307.66 463.24 359.79 497.39
person 388.24 152.99 478.0 369.78
person 2.01 355.38 129.46 475.89
person 0 197.88 84.44 370.02
person 322.16 159.64 434.34 398.38
person 78.58 223.07 106.41 314.63
person 97.31 229.71 142.03 279.46
person 258.01 217.28 362.78 348.25
person 229.29 215.92 286.85 310.55
person 292.01 203.79 315.77 227.1
wine-glass 163.88 283.47 184.79 306.84
cup 155.96 305.12 171.01 328.36
fork 320.32 427.6 352.58 442.49
fork 330.96 421.69 372.66 435.54
knife 76.77 390.97 170.43 395.52
knife 420.5 437.25 474.1 447.91
knife 348.95 448.74 372.02 452.36
spoon 135.56 374.55 159.51 384.91
diningtable 88.66 257.18 112.58 277.84
person 327.51 182.09 373.58 272.96
person 123.2 234.49 147.03 269.27
cup 246.11 395.55 284.5 456.76
cup 189.59 306.4 207.82 327.98
diningtable 4.99 272.62 478.0 631.69
person 61.64 226.88 90.93 320.73
wine-glass 428.18 448.93 478.0 585.75
wine-glass 387.64 243.1 427.31 329.96
person 408.33 362.5 478.0 427.5
cup 232.95 333.29 259.05 381.39
spoon 416.05 491.91 430.89 503.93
person 1 169 418 321
