chair 221.7 220.73 301.35 347.73
chair 290.65 202.01 344.23 327.35
chair 25.64 283.66 224.36 418.28
sofa 526.12 189.66 640.0 418.53
person 245.86 163.37 290.95 230.56
person 335.58 184.59 387.7 268.34
diningtable 54.83 222.6 309.15 344.11
refrigerator 387.65 122.06 433.72 270.05
clock 34.99 150.6 54.34 177.72
microwave 128.69 179.65 163.42 213.24
orange 155.47 228.98 162.23 235.54
orange 162.63 231.62 167.13 234.44
vase 82.32 157.78 95.37 175.67
vase 92.11 201.76 104.07 219.28
vase 88.7 184.52 96.94 197.69
backpack 468.38 353.31 561.67 421.9
handbag 444.31 231.43 497.49 276.21
chair 529.15 186.2 640.0 424.0
sofa 21.89 284.14 224.33 424.0
diningtable 0 366.66 71.81 423.63
oven 332.26 205.65 360.85 261.1
oven 130.42 180.76 160.14 214.28
bottle 287.18 205.93 301.16 229.87
banana 109.98 247.56 122.82 261.58