knife 214.48 285.49 328.66 401.98
knife 403.37 211.8 515.4 283.09
cake 16.31 173.52 269.63 366.39
wine-glass 230.11 52.53 291.61 201.06
wine-glass 138.65 27.38 200.94 169.04
wine-glass 46.92 17.23 113.83 161.22
wine-glass 91.71 87.84 157.01 171.14
wine-glass 163.37 68.29 233.8 176.16
wine-glass 113.86 15.04 166.64 92.48
wine-glass 0 69.86 50.72 133.23
wine-glass 50.96 60.53 110.72 154.61
wine-glass 237.4 48.49 300.0 178.99
cup 3.84 118.98 63.33 214.94
cup 490.91 166.81 556.47 233.31
diningtable 1.92 33.58 640.0 422.2
knife 216.19 310.9 408.97 422.36
