car 247.47 253.1 256.51 275.56
car 238.62 242.5 254.69 270.29
car 228.23 242.82 243.52 264.8
motorbike 215.53 245.59 223.17 258.12
person 48.42 216.75 83.96 328.43
person 540.08 206.69 579.78 331.11
person 506.24 206.23 543.58 321.58
person 316.38 174.95 344.15 217.42
bottle 595.61 96.65 637.82 243.95
person 214.53 240.49 223.12 254.89
person 436.55 225 458.41 302.56
person 360.78 168.52 401.15 221.77
person 119.52 243.87 127.66 278.51
person 198.64 240.87 204.41 256.84
person 134.84 243.02 139.71 272.15
person 2.18 240.94 18.49 266.59
train 248.82 97 442.81 339.49