person 477.37 334.32 487.81 345.6
person 487.48 108.93 623.55 238.28
person 422.52 122.06 488.74 239.49
person 299.51 165.58 343.29 225.85
person 255.03 188.84 298.29 234.31
person 496.36 332.62 504.26 344.48
person 533.71 335.02 540.22 341.94
person 448.76 334.35 460.41 346.53
person 345.25 346.85 352.37 353.89
traffic-light 77.54 185.8 97.03 211.85
person 436.69 339.69 443.74 347.59
person 415.95 341.65 425.08 350.02
train 83.48 312.52 566.13 417.11
horse 30.7 185.72 175.32 309.36
person 412.71 341.62 417.84 349.54
person 328.7 344.04 337.01 354.85
person 315 329 539 357
