motorbike 188.06 292.23 326.58 493.81
motorbike 43.03 300.18 185.41 499.34
motorbike 85.46 215.72 119.69 302.77
person 216.11 264.53 300.43 388.09
person 105.6 183.41 147.27 295.63
person 164.75 198.74 198.54 229.27
person 197 191.87 202.65 215.22
person 89.03 185.81 108.4 214.0
person 89.6 202.03 126.22 275.72
person 144.92 177.04 170.02 255.75
person 143.87 182.24 156.02 225.64
person 141.41 188.68 147.36 204.65
person 1.19 184.99 14.0 393.92
motorbike 146.48 248.13 205.97 410.3
motorbike 27.4 217.68 69.85 307.16
motorbike 214.84 222.58 269.26 273.96
person 182.87 175.8 186.31 181.47
person 163.57 185.3 175.62 210.74