umbrella 37.62 15.05 384.96 165.52
person 80.94 160.29 295.11 558.0
person 37.91 190.11 43.43 210.34
person 80.31 188.33 90.17 207.4
person 336.11 288.85 375.5 392.57
person 2.48 186.87 9.04 199.12
person 9.51 197.01 15.16 201.74
umbrella 506.71 178.05 519.91 200.76
umbrella 457.06 180.29 487.47 194.53
umbrella 465 197.37 493.01 206.16
umbrella 363.3 187.1 380.27 195.82
umbrella 330.91 190.91 348.36 198.2
umbrella 324.12 178.26 342.44 183.22
umbrella 444.01 194.24 459.0 198.82
umbrella 488.23 197.49 506.02 202.94
umbrella 512.91 194.9 531.43 203.11
umbrella 59 186.85 81.01 193.11
umbrella 249.37 190.69 270.94 198.31
umbrella 396.2 189.65 414.92 196.09
person 261.77 150.72 359.93 557.98
person 129.14 192.7 136.13 219.67
umbrella 311 183 639 206