person 21.57 2.16 202.79 271.82
person 96.03 46.39 317.52 235.22
person 105.7 0 268.9 184.33
baseball-bat 448.58 32.23 491.92 120.0
baseball-bat 468.3 64.3 521.38 119.31
baseball-bat 256.86 32 267.22 160.27
baseball-bat 347.86 31.54 359.09 153.77
baseball-glove 165.03 367.89 273.98 471.44
baseball-glove 194.19 307 283.24 356.87
baseball-glove 354.6 227.42 408.94 259.58
baseball-glove 362.83 175.59 424.2 195.52
person 0 200.21 17.17 380.28
person 370.05 0 405.43 108.07
baseball-bat 293.47 32.56 303.15 135.39
baseball-bat 265.65 101.49 275.99 190.78
baseball-bat 469.46 68.97 505.05 135.53
baseball-bat 289.39 93.87 365.22 163.99
baseball-bat 356.65 46.19 370.65 162.14
baseball-glove 285.67 253.39 324.95 274.46
baseball-glove 429.65 142.5 453.27 163.64
baseball-glove 423.19 161.56 440.9 182.35
person 0.17 130.02 84.61 347.07
