car 314.45 336.44 415.68 392.84
car 428.54 340.44 522.52 396.82
car 391.62 334.62 449.45 388.88
car 36.82 365.51 266.1 437.0
car 0.69 347.84 113.63 436.45
car 256 344.29 300.13 381.45
car 2.29 338.61 39.44 356.21
aeroplane 604.29 11.75 632.02 23.42
person 604 344.37 613.46 368.07
person 583.05 346.35 600.39 385.7
person 547.61 346.73 569.26 373.82
person 613.13 342.24 627.02 384.27
person 524.23 344.24 533.93 361.42
person 518.72 346.98 527.73 361.7
person 297.32 341.02 314.16 380.54
person 116.82 337.22 129.71 364.55
traffic-light 46.08 309.77 51.52 320.35
person 461.67 329.64 466.89 336.17
person 547.75 343.58 558.19 357.82
person 564.89 342.02 583.2 361.14
traffic-light 14.58 303.22 22.48 310.83
chair 612.79 358.49 625.27 383.33
chair 598.96 358.91 607.96 385.22
chair 550.11 360.65 578.24 387.03
chair 523.58 357.95 542.97 381.89
diningtable 571.02 360.62 588.65 364.04
car 138.54 343.95 178.56 365.65
car 208.62 330.8 275.15 376.93
car 177.71 333.79 217.17 366.3
traffic-light 41.39 323.95 44.6 335.36
traffic-light 52.34 320.74 58.92 328.35
person 580.51 345.06 590.37 361.39
car 42.27 340.04 83.84 352.36
diningtable 628.27 357.1 640.0 373.77
person 233.19 332.3 255.42 378.75
person 127 336 140 363
