tvmonitor 469.68 187.33 504.42 256.15
bottle 76.03 103.28 91.85 128.56
bottle 46.39 106.22 56.83 124.49
diningtable 500 303.1 640 422.1
bed 303.03 187.4 356.45 260.0
cell-phone 580.67 406.87 612.09 427.0
refrigerator 18.27 153.39 148.1 421.71
book 507.8 270.55 544.2 284.09
book 501.8 291.71 544.95 306.52
book 502.28 285.8 544.12 300.39
book 518.83 239.89 543.47 246.15
book 507.54 200.93 550.08 211.11
book 504.46 274.93 539.46 291.36
bottle 236.68 292.17 258.71 312.61
sofa 168.96 214.92 233.53 244.04
pottedplant 496.48 38.28 556.07 131.62
book 498.27 210.05 551.32 222.43
chair 562.7 286.83 639.95 315.45
book 500.9 283.67 542.86 296.16
book 518.93 245.7 540.34 249.56
book 508.76 168.12 550.35 173.38
book 506.23 171.79 553.71 178.23
microwave 160.48 286.17 234.09 324.78
book 502.87 310.73 539.83 345.44
book 497 100 568 312
