tvmonitor 168.2 78.44 223.99 142.32
tvmonitor 349.15 71.45 403.56 125.86
chair 251.01 159.74 358.35 294.12
tvmonitor 296.92 74 346.6 126.93
laptop 384.47 110.91 456.41 174.48
mouse 374.89 146.93 384.27 155.1
keyboard 308 134.82 368.19 157.52
backpack 199.58 315.72 305.08 386.93
sports-ball 578.96 211.49 638.4 314.66
bottle 139.43 179.71 156.76 216.27
bottle 270.66 104.2 278.26 126.06
bottle 277.79 99.6 285.38 125.33
bottle 475.18 148.02 488.67 180.08
bottle 486.82 136.41 501.98 172.94
pottedplant 561.35 95.79 615.47 158.4
keyboard 198.67 132.95 238.74 156.28
keyboard 396.98 149.39 445.23 169.36
book 235.66 134.81 264.56 148.65
book 237.55 127.45 261.48 142.24
vase 547.68 88.72 564.69 133.94
bottle 121.62 197.63 141.74 234.77
cup 459.82 137.93 477.7 172.82
cup 447.98 161.22 471.47 188.06
cup 480.3 138.62 503.06 172.09
cup 472.79 155.38 488.59 181.62
mouse 296.17 142.08 300.42 148.64
book 130.51 128.53 154.77 139.48
book 129.6 145.97 153.48 152.41
