car 0 209.26 38.83 252.4
car 38.49 207.39 104.3 247.13
car 454.05 207.48 503.93 225.01
truck 131.6 118.65 418.52 311.73
truck 507.93 190.32 636.25 279.33
traffic-light 486.22 123.77 495.26 139.36
traffic-light 586.39 109.32 599.3 131.01
traffic-light 507.02 173.39 513.32 183.23
person 94.3 193.67 154.04 337.42
car 405.7 209.14 429.91 222.69
car 481.08 206.49 535.61 225.17
traffic-light 449.22 163.33 456.42 177.23
traffic-light 495.17 173.06 503.89 182.6
traffic-light 432.35 175 443.46 185.06
car 429.28 202.61 480.64 224.7
