sports-ball 387.02 240.49 401.97 251.48
chair 179.18 466.12 228.7 517.72
tennis-racket 207.09 266.37 243.08 340.46
person 99.01 321.43 241.52 605.56
person 232.15 432.51 282.31 544.08
person 342.29 412.82 375.17 527.65
person 271.08 382.86 287.47 397.13
person 404.04 380.23 416.74 394.69
person 362.43 382.12 378.25 392.19
person 69.66 381.68 87.53 396.73
person 324.49 389.79 330.61 396.91
sports-ball 342.98 470.22 346.72 474.1
person 388.68 382.99 402.03 395.8
person 285.14 378.1 307.41 398.24
person 416.02 371.6 430.6 394.85
person 250.8 388 264.65 397.31
person 179.34 379.74 192.41 396.81
person 295 31 373 397
