baseball-bat 382.34 157.07 414.3 182.86
person 232.06 249.1 327.87 368.84
person 318.09 172.94 388.67 271.2
person 362.64 211.51 409.17 264.63
person 389.87 183.89 442.03 262.58
person 175.72 106.28 211.25 180.0
person 135.33 134.34 161.36 170.05
person 94.48 154.32 120.27 186.96
person 47.17 171.37 68.74 205.06
person 455.26 92.87 490.92 121.53
person 463.65 112.88 497.27 143.09
person 291.7 186.36 313.02 206.34
chair 424.16 197.69 435.12 208.28
person 57.83 132.9 86.78 160.73
baseball-glove 364.89 239.8 376.76 252.37
chair 427.17 177.22 452.42 193.3
chair 479.15 175.84 503.98 204.07
person 117.82 152.3 150.24 209.05
chair 466.04 177.11 492.57 193.21
chair 451.33 197.51 478.6 209.86
chair 399.53 177.11 427.04 193.4
chair 621.99 172.38 640.0 185.09
chair 586.14 175.25 597.78 202.8
person 0 0 639 218
