person 244.53 164.96 383.11 315.93
person 161.58 444.3 216.14 500.47
person 254.8 497.63 297.85 539.44
person 327.02 548.28 373.16 640.0
person 367.66 564.42 410.41 640.0
skateboard 217.26 249.78 255.86 293.77
person 287.56 515.05 324.66 544.13
person 82.81 400.71 115.92 462.82
person 217.22 470.52 250.75 539.91
person 34.82 297.33 105.12 449.55
refrigerator 271.77 539.3 313.52 588.02
person 196.4 489.47 222.07 536.02
person 0.92 346.71 48.81 420.98
person 228.88 515.85 260.47 560.11
person 103.67 433.31 135.7 472.72
person 252 523 276 567