baseball-glove 301.17 178.98 338.93 214.61
person 613.67 56.14 623.95 71.78
person 235.5 116.79 348.46 302.51
person 362 40.12 449.88 273.17
person 341.95 30.57 610.35 420.27
person 0.43 75.4 34.24 150.45
person 28.8 69.62 65.01 111.59
person 593.53 71.8 640.0 112.0
person 583.31 65.76 608.61 91.56
person 72.76 63.18 113.92 101.47
person 78.67 18.35 95.11 44.92
person 269.08 73.24 332.06 112.56
person 47.73 54.61 71.57 91.97
baseball-glove 400.5 39.88 437.98 74.59
baseball-glove 536.18 179.18 586.24 244.02
person 326.79 72.39 359.85 112.22
person 1 1 639 166
