bicycle 87.82 357.95 130.15 461.46
car 320 292.13 446.97 401.55
car 516.24 301.61 546.14 320.23
car 460.76 302.77 509.43 347.93
car 367.19 280.64 453.58 358.58
car 158.18 264.32 323.16 417.38
person 76.76 225.95 155.68 433.51
person 505.46 305.26 519.67 343.07
traffic-light 390.02 251.96 401.33 270.33
traffic-light 338.54 192.03 345.49 209.33
traffic-light 324.68 245.73 334.39 265.94
person 567.43 298.15 583.14 321.11
traffic-light 524.35 268.7 528.98 273.15
person 162.09 255.91 189.07 324.53
traffic-light 306.97 237.45 319.59 267.09
traffic-light 512.76 266.01 518.53 274.19
traffic-light 581.2 276.41 586.14 287.44
person 591.1 300.17 597.61 320.27
person 5.54 286.9 35.96 362.54
bicycle 546.52 304.49 552.31 315.17
car 600.76 296.99 633.19 316.12
motorbike 35.07 301.78 84.99 405.13
traffic-light 492.65 287.51 497.19 296.58
backpack 84.33 296.66 130.36 359.15
car 551.88 273.2 567.19 284.61
car 535.44 279.3 549.08 295.06
car 545.1 284.83 557.51 299.89
truck 158.05 263.91 323.7 413.42
truck 460.9 302.74 510.27 346.91
