handbag 96.22 221.08 134.05 320.54
person 326.83 138.97 405.57 394.61
person 141.42 169.86 182.03 227.32
person 0 143.46 98.16 473.53
handbag 582.08 177 592.34 194.39
person 459.4 147.42 518.99 223.17
person 580.57 145.7 618.39 237.78
person 402.19 155.99 451.67 292.13
person 529.28 150.16 559.98 229.45
person 282.64 165.11 298.61 194.22
person 431.08 152.48 460.78 286.67
person 99.31 179.82 202.17 413.91
handbag 153.49 192.32 190.57 281.63
handbag 428.97 194.44 458.54 240.75
suitcase 255.03 287.94 324.37 346.3
person 180.78 170.81 249.35 365.3
person 551.11 144.2 576.18 175.77
person 323.91 141.85 347.39 282.06
tvmonitor 569.77 127.22 585.82 139.38
tvmonitor 552.48 129.18 569.12 140.51
tvmonitor 104.79 130.96 144.89 163.19
person 235 142 512 183