bus 0 196.61 209.4 298.63
person 296.82 281.51 324.89 306.53
bus 478.2 210.62 545.16 247.02
person 300.14 293.17 345.99 319.81
chair 97.08 312.81 561.98 480.0
chair 536.33 310.39 626.66 447.81
chair 368.08 294.03 410.93 318.72
chair 345.14 274.11 379.16 315.09
chair 471.84 260.4 486.08 290.14
person 374.87 279.17 411.57 308.73
bus 314.1 203.28 394.0 268.46
chair 490.81 295.25 558.48 405.53
chair 353.19 283.39 377.67 316.99
chair 588.63 295.65 623.72 323.22
chair 409.49 257.83 433.37 320.79
chair 309.7 274.81 333.55 285.25