person 122.97 0.07 285.84 217.96
spoon 140.25 307.44 194.11 349.51
spoon 252.45 294.7 292.79 348.49
spoon 197.57 308.05 241.76 346.68
knife 203.24 373.54 278.21 426.99
spoon 343.85 310.95 382.85 353.17
bowl 283.86 321.45 334.32 367.47
bowl 231.76 321.22 287.16 364.42
bowl 335.21 323.73 382.95 366.97
bowl 334.16 354.44 392.06 423.22
bowl 223.43 344.85 288.9 417.84
bowl 102.51 353.31 180.24 415.38
bowl 178.08 317.3 240.61 364.94
pottedplant 255.5 2 381.0 180.5
knife 80.19 383.01 157.14 418.95
knife 5.41 380.01 90.0 418.41
knife 139.62 380.77 209.94 425.07
knife 303.89 357.94 378.79 399.22
knife 367.15 168.06 407.61 194.13
spoon 340.82 394.07 363.48 427.77
spoon 294.98 304.32 336.1 348.4
spoon 138.5 377.78 211.56 426.49
bowl 126.1 318.87 182.62 364.55
bowl 277.87 354.46 339.8 422.33
donut 481.35 283.79 513.87 311.96
donut 506.86 318.39 542.85 351.31
donut 443.07 189.51 473.66 215.42
donut 476.24 313.66 508.21 340.8
donut 513.01 292.2 546.05 319.8
donut 487.64 119.06 503.86 135.28
cup 89.77 160.83 162.08 253.09
bowl 32 331 137 414