cell-phone 153.17 188.84 424.99 263.26
person 114.9 108.56 545.5 480.0
person 468.48 91.99 498.08 181.28
person 430.75 88.15 462.68 183.93
person 401.1 117.26 429.59 180.82
bench 36.21 150.32 68.04 167.51
person 370 98.06 390.27 135.47
person 355.07 92.74 372.27 121.56
person 13.28 99.02 20.69 119.54
person 339.7 100.3 353.48 111.25
bird 26.97 168.72 35.5 179.66
bird 8.52 168.41 18.69 175.87
umbrella 393.22 87.27 434.78 120.35
person 30.7 114.9 62.9 168.97
person 388.25 98.22 408.52 157.25
bird 206.78 163.53 215.21 169.29
bird 201.43 158.8 208.6 165.97
bird 39.29 177.83 54.88 185.28
bird 3.96 176.42 10.93 184.67
bird 193.14 165.55 203.15 172.65
bird 224.16 163.88 231.47 169.47
bird 190.91 155.24 196.6 162.21
bird 36.94 176.54 45.8 183.63
bird 66.56 172.45 68.9 176.06
bird 231.21 156.22 237.91 164.27
bird 219.71 159.14 227.19 164.9
