dog 162.58 153.51 205.2 234.27
chair 525.68 136.26 637.94 307.35
chair 494.71 147.07 573.48 287.77
chair 422 140.08 503.44 264.75
chair 299.26 119.8 322.6 167.86
car 28.85 84.45 51.36 107.06
car 6.56 87.16 23.5 99.74
person 224 28.65 299.7 225.74
person 118.02 80.71 131.02 119.69
person 100.48 84.43 115.12 118.11
traffic-light 82.1 23.56 93.25 48.42
orange 290.38 168.13 299.89 179.86
chair 395.4 139.59 471.27 244.66
chair 373.09 133.71 446.96 237.51
chair 461.35 144.57 536.02 265.72
car 24.22 89.08 30.33 102.1
chair 305.42 130.1 359.93 209.18
chair 306.13 127.2 349.78 173.07
