tvmonitor 349.31 101.34 486.54 212.66
person 268.7 221.29 406.89 423.78
person 468.01 251.71 597.19 428.0
person 17.11 190.52 185.85 428.0
person 58.37 157.41 169.68 405.39
person 17.64 218.13 52.49 288.23
remote 158.02 213.94 167.64 233.17
remote 223.83 233.02 245.35 240.72
chair 0 229.22 37.47 317.23
remote 28.37 283.57 39.0 295.98
book 233.34 154.75 248.02 184.11
person 378.71 158.02 389.54 172.42
sofa 566.75 290.83 640.0 427.25
remote 503.62 243.58 518.52 255.99
remote 514.99 269.36 532.02 280.79
remote 209.46 228.51 224.24 240.42
book 225.71 197.23 250.44 210.26
book 233.26 222.77 256.75 232.59
book 207.34 188.22 234.88 208.25
book 239.79 118.97 245.25 131.93
book 236.52 87.31 243.06 109.01
book 221.72 89.32 225.71 110.06
book 211.74 90.92 219.76 110.58
book 247.74 85.47 253.48 109.91
book 252.66 85.98 256.09 108.8
book 241.08 87.52 248.91 108.46
book 223.55 89.22 228.67 108.85
cup 173.39 210.77 183.56 227.35
book 150.15 97.41 157.72 108.57
book 132 81 275 204