person 244.07 181.36 369.01 411.87
person 425.19 184.99 538.51 369.01
person 517.67 141.46 611.59 377.27
banana 380.66 351.93 448.39 388.36
banana 414.49 41.72 455.82 73.58
banana 93.5 42.03 122.47 97.77
banana 24.81 57.71 34.44 66.53
banana 20.63 246.26 29.95 254.67
banana 193.84 131.84 205.81 146.76
banana 233.88 123.03 245.99 133.56
banana 219.41 204.95 257.67 276.54
banana 368.86 281.35 421.14 350.06
banana 491.5 75.39 506.2 92.59
banana 19.37 333.02 47.46 370.79
banana 598.54 16.34 634.97 50.27
person 143.8 187.86 235.05 371.63
person 51.08 105.36 163.89 425.68
banana 170.61 404.74 192.08 420.94
banana 1 0 639 430