bottle 297.32 244.44 317.65 285.11
tie 454.72 195.59 470.48 252.01
tie 150.19 56.78 163.9 104.54
chair 195.07 187.17 256.71 242.98
chair 541.11 166.08 613.14 282.1
spoon 152.01 327.99 183.75 354.68
person 277.05 136.35 374.69 245.49
person 388.67 113.92 570.55 421.21
person 122.53 28.72 178.06 183.8
person 0 243.22 90.19 420.72
person 395.37 115.83 440.36 192.42
person 270.59 47.37 303.43 102.26
person 329.74 36.98 384.56 219.07
person 183.8 48.82 225.92 161.78
person 225.13 50.04 271.59 156.03
person 440.06 103.06 461.16 128.06
handbag 223.9 88.31 249.82 110.15
bottle 178.54 279.47 201.38 328.89
apple 182.73 322.75 207.36 355.06
person 242.15 216.18 467.32 426.0
handbag 65.65 170.83 87.87 203.42
chair 374.73 128.39 394.1 185.44
chair 619.36 199.78 640.0 280.23
diningtable 101.19 253.22 302.19 378.51
diningtable 180.49 220.14 356.29 295.48
diningtable 192.68 321.85 519.33 426.0
book 72.23 255 180.13 335.92
book 172.28 151.29 190.08 165.91
person 495.88 110.29 574.61 214.58
person 0.87 59.44 80.66 203.17
book 501.3 43.55 521.21 51.69
book 586.06 56.81 590.82 82.86
person 1 9 639 246