cat 224 105.55 565.68 455.48
chair 0.76 90.66 138.99 326.74
remote 113.15 344.26 267.58 401.19
book 507.34 163.36 533.04 235.27
book 547.66 88.19 559.11 144.84
book 549.24 0 560.37 52.06
book 540.66 248.87 552.63 293.9
book 559.28 169.17 584.34 240.76
book 540.01 0 553.13 51.64
book 548.94 184.18 564.48 237.18
book 537.96 186.18 552.77 235.33
book 567.11 79.06 585.6 151.34
book 89.39 290.23 150.1 316.76
book 482.72 169.74 496.15 230.03
book 519.71 86.55 529.65 136.66
teddy-bear 179.82 1.06 234.54 49.93
remote 21.39 310.58 97.91 350.35
book 494.39 164.75 513.53 232.78
book 386 0 639 325
