sofa 338.88 282.23 563.43 471.76
laptop 92.05 377.57 176.24 406.65
remote 485.06 355.49 506.94 369.66
remote 564.25 454.93 601.06 480.0
book 412.93 220.91 416.4 250.65
book 355.94 266.74 391.42 278.63
book 412.89 265 422.73 295.92
book 392.54 323.54 428.19 328.04
book 297.32 271.33 300.25 291.4
book 315.39 262.78 352.8 290.29
book 282.45 264.97 289.59 291.68
book 354.29 281.44 391.06 285.39
book 434.21 219.67 440.0 248.87
book 430.74 223.68 434.71 249.53
book 381.3 218.54 389.85 250.18
book 415.73 225.33 421.54 249.73
bench 24.94 345.28 251.24 478.24
bed 471.06 196.27 541.1 252.96
book 288.85 322.98 331.53 330.09
book 272 167 440 338