person 185.12 82.54 379.91 404.43
person 420.66 172.51 589.69 408.49
bowl 279.18 323.53 539.11 415.68
donut 397.89 470.48 437.94 497.81
donut 370.23 455.35 406.09 476.54
donut 332.99 432.66 351.52 444.17
donut 452.09 471.05 488.21 497.47
donut 463.15 432.27 496.51 467.85
donut 357.06 462.89 389.44 492.9
donut 249.3 403.9 286.27 433.4
donut 193.98 382.37 226.49 410.02
donut 187.93 433.58 221.73 445.57
donut 229.67 396.66 264.93 429.71
donut 493.86 450.25 525.96 482.02
bowl 260.53 387.82 594.91 519.26
donut 441.93 419.38 467.29 448.51
donut 348.15 425.19 378.26 453.2
donut 118 387 593 580