person 386.16 240.54 509.12 472.45
person 269.44 272.78 282.63 305.23
person 385.74 274.12 391.69 282.09
person 614.16 297.67 630.1 309.11
person 523.46 276.22 531.8 297.45
kite 205.37 127.34 221.17 161.2
kite 554.75 169.18 565.71 180.33
backpack 608.9 390.18 640.0 424.61
person 605.67 296.63 615.62 308.64
person 623.14 280.75 629.54 295.93
person 610.59 277.12 616.77 286.01
person 602.26 276.75 610.46 289.46
person 511.12 286.87 520.04 299.57
person 592.74 272.63 597.74 288.09
person 238.78 281.73 252.42 306.32
person 596.38 293.13 606.87 308.04
person 337 272 604 300