surfboard 284.97 329.94 347.26 411.39
surfboard 501.42 326.28 601.99 397.45
surfboard 139.85 334.97 204.28 423.12
surfboard 26.42 337.56 113.48 365.35
backpack 111.73 262.27 157.47 284.47
person 33.36 290.05 135.77 410.01
person 131.3 290.71 218.84 408.01
person 450.24 280.96 505.5 376.13
person 204.97 179.81 271.61 329.92
person 260.33 169.63 317.21 326.53
person 309.88 188.21 359.74 319.38
person 511.12 212.3 555.26 318.14
person 340.11 271.77 390.46 378.24
person 323.7 249.83 395.65 352.21
person 154.17 174.47 206.27 314.82
person 353.63 190.29 390.0 281.01
person 438.43 184.62 495.72 332.49
bicycle 21.8 180.56 54.45 196.25
bicycle 235.82 179.54 263.43 193.49
person 7.53 197.21 44.69 291.56