chair 17.6 151.36 71.2 256.1
chair 6 137.23 43.18 169.35
chair 64.43 126.66 79.6 141.96
chair 38.65 132.88 61.99 168.37
person 277.07 61.41 335.9 249.68
person 241.28 89.9 297.95 276.18
person 155.46 92.69 224.43 201.76
person 116.82 84.86 204.01 363.36
remote 114.68 131.26 142.56 195.82
remote 171.81 204.1 206.11 224.36
remote 287.46 128.09 295.54 135.59
chair 223.07 125.67 250.29 196.81
chair 158.92 161.39 189.21 200.45
chair 0 127.31 12.07 176.68
chair 77.15 122.6 86.16 135.64
remote 306.79 120.86 318.22 131.87
person 54.84 114.09 136.4 375.0
handbag 169.94 125.58 203.11 152.09
chair 152.48 133.69 198.69 187.53
chair 100.66 134.55 121.0 140.15
chair 326.88 149.13 342.14 188.14
chair 0.22 183.23 32.7 243.42