bottle 2.32 205.23 27.61 275.38
bottle 32.42 241.63 49.26 271.17
chair 11.53 544.14 338.74 640.0
chair 231.15 547.18 478.0 632.42
chair 413.27 129.15 478.0 243.95
person 114.91 230.29 478.0 638.96
person 47.37 88.08 201.13 247.63
person 175.46 91.86 303.56 272.04
cup 107.05 249.62 145.78 288.77
spoon 97.39 224.6 102.7 240.1
spoon 92.28 222.96 98.72 247.77
cup 161.41 248.85 191.56 295.52
cup 73.71 238.88 108.59 284.38
pottedplant 64.73 74.95 117.54 154.97
person 157.95 165.59 335.9 398.07
bottle 23.74 236.19 33.38 268.83
bowl 295.89 276.23 326.76 307.1
chair 1.46 412.38 119.63 562.18
chair 175.2 147.99 196.68 182.02
diningtable 1.66 320.83 167.9 370.7
pottedplant 166.65 45.32 228.38 95.09
pottedplant 0 107.31 33.5 198.22