person 64.02 131.15 78.2 168.01
person 329.74 138.09 367.21 171.8
person 215.92 63.61 271.83 105.67
person 200.88 219.55 211.74 245.12
person 39.7 141.18 60.15 165.79
person 276.88 262 284.85 283.99
snowboard 201.16 64.6 229.76 105.29
snowboard 318.59 124.35 349.07 187.18
person 316.4 281.96 320.9 302.09
person 306.24 273.42 312.89 299.11
person 292.44 272.12 302.33 293.53
person 285.3 263.57 295.74 290.89
person 189.2 211.01 195.83 234.78
person 92.19 146.75 108.33 181.22
person 170.85 205.31 179.44 224.81
person 0 5 581 301