kite 204.63 95.42 511.56 210.79
person 424.12 310.38 431.36 330.43
person 454.45 300.56 463.93 327.65
person 283.14 305.07 298.32 335.44
person 360.63 303.24 369.44 328.18
person 345.2 321.24 352.9 332.78
car 128.73 312.67 161.54 330.44
person 506.45 300.54 511.71 317.57
person 306.79 305.21 316.37 333.95
person 399.27 308.09 409.73 331.27
person 551.34 289.57 558.52 302.59
person 410.06 310.81 419.59 331.13
person 315.4 306.7 326.47 332.69
car 434.33 293.73 444.06 301.5
car 524.22 283.62 540.12 292.34
car 605.15 271.05 628.26 277.07
car 585.63 274.09 603.6 281.23
car 386.58 296.17 402.17 305.0
car 465.92 289.99 485.03 299.2
car 236.02 306.24 247.88 313.46
car 489.96 286.87 505.36 296.19
person 83.28 316.02 93.44 330.66
car 256.43 305.12 289.45 315.99
car 536.65 283.7 547.71 290.24
car 544.36 277.14 552.51 285.63
person 433.39 303.38 444.34 331.75
person 102 287 625 344