diningtable 7.91 191.15 639.25 362.82
bicycle 328.13 99.19 433.81 181.65
bottle 210.78 156.06 233.88 187.53
knife 324.65 255.12 411.27 280.36
spoon 346.64 250.59 388.44 297.41
cake 290.16 216.63 366.74 271.64
cake 543.13 303.93 598.12 324.69
cake 86.29 194.44 125.53 226.93
cake 124.27 197.72 154.66 225.46
cake 134.32 198.21 165.94 222.66
cake 164.46 193.02 189.56 221.47
person 561.46 66.11 639.78 235.91
cake 211.64 186.78 236.74 194.26
cake 259.12 225.68 302.32 250.56
bottle 204.8 119.68 234.2 187.91
sandwich 604.33 301.79 640.0 338.32
cake 282.91 191.39 325.19 210.29
cake 471.53 226.2 514.77 248.52
cake 206.65 220.76 244.33 246.03
cake 240.88 211.72 280.87 246.49
sandwich 412.25 298.58 532.1 337.82
cake 68 130 638 334