sports-ball 135.27 289.15 186.83 340.29
person 407.39 76.08 596.42 362.03
person 591.08 142.01 636.18 253.32
person 235.73 156.57 275.43 262.55
person 119.67 176.38 178.73 230.96
person 106.12 152.88 151.15 266.75
person 75.8 173.98 113.47 272.56
person 20.67 176 57.82 267.6
person 501.32 145.6 543.67 219.83
person 537.39 170.48 558.99 232.12
person 126.66 224.53 318.57 397.25
person 220.59 198.22 234.03 242.51
person 0 199.76 11.78 252.42
person 578.91 215.38 586.89 228.41
person 1 213 588 248
