car 519.37 192.93 570.01 216.92
car 504.82 188.33 527.04 210.48
motorbike 365.94 199.5 400.88 222.44
bus 370.97 166.6 442.6 213.19
bus 240.33 175.61 319.86 203.38
person 22.61 190.58 42.25 244.11
person 112.1 185.74 135.01 248.76
person 317.3 188.93 323.81 213.21
person 333.99 188.54 342.33 216.25
person 598.68 190.98 611.71 224.65
person 489.14 188.5 496.8 208.1
person 473.31 187.44 480.11 209.12
person 450.33 190.98 461.96 219.6
person 56.5 191.22 73.47 220.23
person 16.79 190.38 25.68 206.62
person 386.21 191.84 395.77 214.26
car 568.96 193.84 631.32 218.62
bus 437.99 171.63 464.35 205.67
person 410.2 192.63 417.57 220.93
bus 327.59 177.68 363.81 199.12
bus 363.08 176.99 372.48 194.01
person 282.44 189.31 291.54 207.07
person 185 181 604 223