bottle 208.21 239.25 242.9 301.16
bottle 60.49 282.57 93.69 320.91
diningtable 7.49 211.48 416.67 422.81
diningtable 219.81 428.11 422.07 634.9
diningtable 373.55 8.51 421.24 152.57
diningtable 3.01 433.69 212.33 635.48
cup 262.56 246.57 293.74 287.99
cup 11.89 294.18 61.16 359.05
spoon 128 200.27 151.37 220.4
bowl 219.22 462.65 329.43 630.68
bowl 83.26 520.26 175.15 615.51
bowl 90.61 445.84 166.83 517.75
bowl 11.77 454.25 82.74 516.35
bowl 3.38 537.29 79.0 612.04
bowl 96.08 334.86 171.2 388.07
bowl 50.23 380.28 110.11 424.47
bowl 92.2 374.32 188.98 425.59
bowl 302.84 276.88 354.23 306.03
bowl 218.61 8.73 401.26 148.23
bowl 74.79 10.07 218.61 184.09
person 344.65 224.25 424.15 371.1
person 48.41 199.47 173.83 264.46
bowl 106.01 210.62 159.22 244.96
cup 233.27 200.68 254.21 225.85
cup 207.48 205.69 228.71 232.78
cup 90.85 246.33 132.27 268.85
person 302.56 200.54 409.81 240.13
person 7.01 259.06 21.42 282.99
bowl 123.48 235 162.26 256.95
cup 232.07 272.87 270.79 313.22
bowl 1 33 420 311