umbrella 174 0 437.85 179.48
tie 339.99 222.89 368.27 240.32
person 276.58 156.21 444.37 480.0
person 247.39 202.95 299.21 335.45
person 85.21 149.12 278.29 480.0
person 607.3 278.38 639.95 405.67
person 611.9 224.73 636.59 289.57
traffic-light 203.48 47.55 238.49 107.64
umbrella 284.04 171.08 336.65 204.03
handbag 167.6 211.53 249.69 416.32
handbag 240.54 246.25 257.64 288.89
handbag 630.14 238.92 638.5 268.01
person 327.46 202.72 341.1 221.71
person 570.87 248.75 602.9 298.72
person 362.43 176.9 637.48 473.53
