person 156.1 188.96 274.35 477.17
elephant 251.86 258.2 479.03 414.41
elephant 343.08 231.23 401.78 282.74
elephant 478.05 217.5 535.46 294.9
elephant 531.2 223.28 624.72 297.14
elephant 277.9 181.34 376.81 253.17
elephant 473.51 172.44 535.47 223.49
elephant 226.79 165.62 273.69 229.05
elephant 68.32 132.5 141.0 189.61
elephant 396.22 224.35 495.98 262.96
elephant 61.27 161.55 137.74 225.93
elephant 470.36 195.92 527.07 226.67
elephant 236.68 254.35 327.35 313.22
person 8.24 176.63 175.45 515.76
elephant 361.08 212.66 472.39 243.39
elephant 224 151 585 407