traffic-light 302.12 338.52 363.35 473.9
person 195.74 488.62 243.58 619.54
person 249.22 436.01 271.03 498.44
person 268.51 428.54 283.89 477.79
person 360.56 420.35 375.06 468.25
person 359.55 475.32 418.53 606.53
person 162.16 523.14 209.61 640.0
person 0.82 537.34 63.81 640.0
person 35.74 487.59 78.22 538.57
person 60.91 469.19 106.4 540.38
person 319.21 524.16 369.64 640.0
backpack 359.57 499.44 376.3 532.41
person 195.57 430.22 211.27 485.15
backpack 271.33 615.45 303.2 638.63
handbag 208.1 505.2 229.98 537.25
handbag 168.2 545.23 176.89 578.38
handbag 353.58 546.04 376.28 587.64
person 102.41 512.83 154.07 640.0
person 397.08 410.66 407.7 440.54
person 0 400 426 639
