fork 249.27 27.4 640.0 174.48
carrot 231.43 120.97 330.67 219.34
carrot 411.92 158.17 442.19 228.18
carrot 426.47 181.28 493.58 263.62
carrot 356.27 301.79 426.87 325.79
carrot 440.32 162.08 467.84 186.01
carrot 450.84 142.08 491.73 180.44
carrot 178.44 294.33 223.95 306.87
carrot 295.81 122.64 388.13 184.51
carrot 220.66 245.14 341.29 289.86
diningtable 1.11 0 639.71 419.47
carrot 308.24 17.43 366.52 94.97
carrot 251.17 84.71 276.19 113.81
carrot 214.32 197.43 273.48 262.23
carrot 214.57 319.64 284.63 344.66