chair 290.37 173.33 343.07 269.64
person 284.1 59.44 525.37 360.15
person 436.2 68.24 586.56 301.64
person 542.85 45.46 611.04 257.88
person 6.13 168.65 191.87 371.04
baseball-bat 310.85 19.1 371.44 109.54
baseball-bat 130.27 42.49 213.45 106.17
baseball-bat 571.99 170.78 587.69 266.05
baseball-glove 149.7 228.57 195.65 276.21
person 181.32 0.02 271.25 86.22
sports-ball 624.11 222.83 631.84 230.4
baseball-bat 452.05 18.33 488.31 89.25
baseball-bat 252.16 269.51 300.45 281.76
chair 280.39 168.07 322.19 260.19
baseball-glove 528.66 82.98 541.85 106.73
baseball-glove 593.23 150.65 607.82 177.13
baseball-glove 398.36 253.62 425.56 271.27
person 132.55 86.28 256.45 296.63
