pottedplant 215.28 167.9 293.56 232.79
pottedplant 154.11 205.99 196.32 250.18
pottedplant 202.73 214.42 235.98 243.63
pottedplant 240.42 204.55 262.64 239.46
tvmonitor 373.1 220.05 423.59 257.03
sofa 149.97 251.86 334.53 381.93
sofa 412.34 280.93 607.27 411.05
bicycle 118.71 243.61 236.39 403.61
pottedplant 54.47 223.06 113.02 268.55
remote 411.16 341.5 436.31 355.16
cup 556.09 272.67 567.85 290.69
tvmonitor 436.74 395.11 578.77 478.59
refrigerator 514.41 344.28 640.0 438.13
chair 4.78 248.82 126.76 409.9