pottedplant 447.71 185.11 628.52 372.38
tvmonitor 288.79 150.47 379.47 229.32
chair 209.55 234.39 386.06 449.1
chair 614.88 155.31 639.99 256.52
laptop 373.21 186.61 454.11 253.48
mouse 359.86 250.36 378.62 263.03
keyboard 271.99 222.41 368.47 250.13
sofa 1.07 330.84 139.6 474.73
book 626.01 116.77 635.58 143.93
book 627.33 41.41 634.93 69.5
book 618.56 115.58 629.18 143.09
book 612.27 115.22 619.6 141.87
book 614.19 158.74 620.93 179.5
book 621.73 81.39 636.79 108.9
book 611.87 79.42 626.16 106.38
book 634.56 85.93 639.07 107.78
book 629.6 119.21 639.72 143.21
book 615.69 42.39 623.66 69.42
book 636.21 46.82 640.0 68.12
book 621.75 42 628.7 68.56
keyboard 388.54 229.03 441.05 245.08
book 602.4 192.99 617.65 210.78
book 373 115 639 255