car 274.62 326.67 306.77 358.82
car 345.43 316.53 425.63 366.48
person 285.72 315.61 364.72 571.73
person 179.53 317.13 282.2 587.57
backpack 74.67 342.81 141.65 452.37
backpack 192.34 359.39 258.01 480.82
backpack 306.86 368.76 355.18 450.54
person 144.37 318.96 179.61 407.94
person 168.25 316.35 192.53 400.16
person 190.48 316.51 208.69 351.04
person 38.2 320.5 69.25 398.01
person 12.26 322.72 39.66 379.04
truck 341.05 315.79 426.89 385.99
backpack 251.42 367.12 280.25 410.04
umbrella 271.82 196.79 427.0 308.97
person 132.87 323.98 143.79 344.85
person 60.5 302.94 157.45 577.9
person 242.44 325.54 287.27 501.73
person 64.46 321.01 93.73 359.79
umbrella 37.63 307.08 78.46 324.43