person 156.83 17.9 383.26 512.0
person 6.06 110.29 193.16 512.0
person 108.42 122.36 192.24 234.12
person 568.63 171.71 640.0 406.54
wine-glass 132.76 210.49 166.47 299.04
wine-glass 486.74 285.85 603.84 420.16
wine-glass 329.11 144.18 372.33 263.34
person 0 371.63 35.07 511.44
bottle 443.79 250.62 456.23 307.15
bottle 466.95 248.83 476.66 307.05
bottle 475.21 246.42 488.16 307.76
bottle 484.44 245.08 499.44 306.91
bottle 441.51 173.27 454.83 229.19
bottle 398.99 203.05 429.89 218.5
bottle 396.92 220.66 430.08 236.03
bottle 397.71 256.76 431.84 272.86
bottle 446.11 339.32 458.17 385.46
bottle 466.64 337.98 480.44 389.38
bottle 491.38 341.41 507.2 393.72
bottle 453.26 248.77 467.45 308.65
bottle 398.03 185.31 428.08 201.08
bottle 138 48 626 388
