person 261.75 163.47 305.53 254.93
person 190.42 10.23 234.71 86.62
person 248.12 8.76 373.64 98.28
person 398.69 10.58 446.71 56.1
person 450.51 307.48 495.27 337.64
person 530.3 9.73 629.55 122.6
person 33.08 166.39 114.82 252.02
person 507.68 165.86 556.43 256.0
person 179.04 297.75 230.61 372.67
person 30.1 296.14 77.25 354.49
skateboard 163.42 363.14 240.2 382.56
skateboard 274.54 372.35 424.31 407.68
skateboard 238.07 76.77 325.84 103.03
skateboard 438.57 328.55 581.12 376.86
skateboard 15.51 47.94 537.59 363.37
person 422.3 165.42 472.89 281.21
skateboard 542.68 107.7 625.99 149.09
person 280.42 296.62 388.97 388.87
person 550.27 294.87 626.95 367.04
person 482 162 513 255