cup 370.13 203.05 448.67 319.96
spoon 230.49 184.52 304.6 274.3
bowl 14.02 125.87 349.48 287.67
broccoli 38.65 134.22 182.68 218.1
broccoli 165.84 213.95 202.43 260.6
broccoli 502.81 191.89 585.13 264.21
bowl 562.2 31.34 640.0 122.54
broccoli 98.82 211.04 171.61 257.82
donut 411.24 123.05 454.3 155.95
donut 471.68 111.56 513.14 142.66
donut 435.14 114.38 476.64 146.59
donut 443.32 93.4 480.91 120.36
donut 503.63 88.63 546.76 128.56
donut 511.41 120.5 558.33 153.7
donut 540.66 101.86 569.65 134.37
broccoli 212.84 182.67 250.77 200.86
broccoli 264.88 170.26 277.65 186.86
broccoli 45.59 217.39 100.7 252.75