motorbike 202.69 330.8 402.66 480.0
motorbike 144.22 319.21 214.17 450.51
person 32.36 235.15 166.11 418.52
person 177.34 204.95 253.95 316.27
backpack 227.76 257.06 314.15 315.75
backpack 178.64 245.7 220.36 274.39
backpack 408.85 232.27 526.22 300.34
person 329.33 149.6 608.07 408.97
person 182.03 198.98 366.05 480.0
person 0 228.67 181.21 472.45
person 81.47 255.23 136.64 340.14
person 542.95 183.27 640.0 480.0
backpack 37.65 298.3 95.33 379.7
person 47.65 343.72 101.81 393.41
person 356.28 250.03 582.82 479.79