car 391.31 339.93 537.21 444.49
car 613.07 356.06 640.0 394.16
fire-hydrant 217.62 392.66 246.81 458.6
person 0.04 344.49 52.74 477.99
person 113.82 362.99 151.47 414.55
person 161.92 361.84 188.1 398.06
person 138.89 365.85 155.52 392.91
bicycle 309.94 382.95 336.79 442.18
truck 549.4 348.18 638.36 416.5
parking-meter 379.83 338.51 401.55 432.92
chair 114.09 391.28 201.26 441.64
chair 264.8 387.69 287.94 431.55
chair 223.29 389.64 249.78 413.73
chair 313.76 390.27 325.65 419.56
chair 345.37 388.82 368.38 421.34
chair 291.88 380.6 312.56 392.07
chair 187.68 391.66 198.97 398.54
pottedplant 243.09 376.71 252.91 396.08
person 82.54 362.47 113.35 397.14
car 526.15 359.63 588.16 425.42
chair 83.03 387.99 121.78 440.96
chair 340.08 390.63 347.99 425.97
chair 362.86 379.72 381.08 422.28
pottedplant 285.62 374.61 293.57 394.09
diningtable 213.59 394.85 227.46 421.97
diningtable 270.64 390.38 317.7 418.27
diningtable 352.92 386.22 380.66 406.17
diningtable 244.64 393.92 280.02 418.73
diningtable 149.19 392.31 182.59 421.39
diningtable 340.12 388.64 349.25 411.45
vase 246.01 391 252.1 395.88
vase 256.03 382.81 261.7 388.35
vase 287.49 389.48 292.73 393.9
vase 300.23 382.12 305.97 385.87
vase 318.14 385.78 322.86 390.68
vase 360.66 383.25 365.34 389.02
pottedplant 298.41 369.24 309.76 385.48
