umbrella 211.4 214.2 273.98 243.5
umbrella 33.49 181.18 93.46 249.23
umbrella 154.64 205.04 207.03 222.71
person 438.33 324.75 454.97 342.53
person 476.7 285.69 485.58 307.67
person 122.48 216.23 163.55 361.06
person 404.14 356.03 420.09 380.58
person 527.66 310.19 544.09 332.57
person 588.72 291.02 603.61 312.84
person 399.95 248.03 405.62 255.35
person 73.89 201.86 127.17 354.36
person 55.97 218.47 89.63 333.11
person 158.59 216.16 201.16 348.01
person 433.54 284.32 445.69 311.03
person 189.71 236.82 258.11 378.81
person 313.03 256.79 322.54 267.53
person 1 26 639 380