bus 24.63 87.3 178.7 221.8
truck 163.92 56.01 460.74 278.15
person 228.05 56.89 238.01 104.17
person 229.85 67.37 263.95 110.31
person 272.07 81.46 295.38 117.24
person 262.57 62.67 282.66 111.89
person 413.78 77.13 452.6 107.08
person 402.2 86.81 428.13 112.38
person 368.57 60.35 393.44 90.92
person 339.24 81.1 368.86 110.45
person 303.9 79.49 336.53 110.33
person 379.97 66.55 413.81 111.52
person 421.62 79.02 432.05 91.73
person 368.46 74.84 391.15 110.57
person 255.08 55.96 286.95 94.84
person 62 55 369 143