bird 256.24 155.75 308.39 173.52
bird 439.2 120.1 480.6 147.13
bird 486.29 198.95 525.15 235.53
bird 554.29 230.28 586.73 253.89
bird 440.28 270.82 464.62 290.07
bird 246.26 137.29 275.44 151.88
bird 215.44 252.79 241.8 267.58
bird 42.88 209.05 91.51 234.34
bird 50.38 240.64 72.76 259.09
bird 234.34 204.12 250.59 224.26
bird 223.77 189.64 279.89 207.04
bird 105.03 203.92 129.25 214.0
bird 147.52 188.8 167.27 199.93
bird 240.37 156.46 252.89 167.75
bird 296.59 183.27 336.26 201.01
bird 428.92 232.3 453.69 258.66
bird 478.7 145.53 496.17 176.44
bird 338.52 246.39 353.16 254.03
bird 360.12 93.12 385.11 104.7
bird 296.11 226.05 305.05 236.29
bird 282.29 239.71 291.89 249.3
bird 336.42 71.35 345.96 84.65
bird 180.46 251.33 193.98 260.12
person 222.36 290.84 256.62 382.42
bird 226.98 85.73 252.49 96.71
bird 495.84 263.61 506.6 286.02
bird 1 0 639 367