bicycle 349.86 94.9 407.33 170.18
person 240.68 231.61 394.09 420.99
person 281.81 42.96 357.22 267.55
person 122.5 165.2 215.15 290.6
person 178.27 25.2 231.17 134.02
person 68.19 40.81 111.47 152.93
banana 223.64 405.21 296.4 486.68
person 264.83 29.29 301.2 137.74
person 47.64 30.14 86.05 108.27
person 286.03 20.14 317.13 113.71
person 160.94 36.61 187.71 101.67
banana 165.92 445.08 231.51 509.42
banana 266.64 462.28 335.04 541.02
banana 191.06 544.88 247.03 601.45
banana 350.73 521.48 414.17 568.51
banana 275.71 401.51 319.15 463.57
banana 120.31 485.28 217.63 605.0
banana 95.17 455.9 154.76 523.84
banana 385.4 594.78 407.76 613.68
banana 197.57 326.04 224.16 348.07
banana 166.26 326.82 198.27 350.28
banana 294.15 439.08 373.22 521.52
banana 373.23 492.24 424.76 542.32
banana 91 13 424 639