aeroplane 25.6 43.12 621.14 216.25
person 564.35 123.76 586.71 176.43
person 539.37 123.21 545.32 142.66
person 562.28 118.32 570.08 138.04
person 585.49 123.95 590.61 139.44
person 586.79 118.28 598.39 141.77
person 556.03 123.9 564.11 139.57
person 568.22 124.69 573.86 133.05
person 614.39 125.42 629.13 171.99
person 629.04 123.18 640.0 176.35
aeroplane 0 48.57 102.52 140.21
person 581.75 122.09 587.8 137.27
person 489.37 116.92 494.45 123.09
person 526.51 124.99 535.36 143.17
person 545.11 124.94 553.08 139.0
person 502 119 609 188