bicycle 70.34 150.52 432.41 475.34
car 594.63 98.95 622.26 119.14
person 427.07 131.49 472.91 248.71
person 255.43 122.28 293.68 159.12
person 104.63 107.87 284.76 454.11
person 0 129.72 60.21 330.07
person 228.1 114.6 248.77 159.53
person 248.69 118.89 271.68 157.53
person 432.18 100.03 453.35 146.62
person 533.19 96.47 545.89 131.16
suitcase 260.06 178.56 331.77 292.31
person 559.28 98.42 571.41 134.35
person 543.99 93.02 552.96 129.52
person 499.58 99.06 516.36 131.6
car 621.57 100.17 640.0 115.63
suitcase 473.18 171.28 508.0 192.1
suitcase 456.31 127.96 489.41 154.56
suitcase 377.71 253.81 422.2 333.04
suitcase 207.5 241.11 292.71 310.93
person 168.27 121.43 185.98 150.24
handbag 0.95 157.11 78.5 215.43
person 173.96 126.35 212.93 178.31
person 64 109 639 432