sheep 472.94 233.6 510.15 268.19
sheep 379.51 235.63 400.98 259.44
sheep 306.32 220.32 338.71 248.45
sheep 247.18 224.07 272.8 252.62
sheep 204.08 222.51 237.63 250.51
sheep 405.21 236.81 437.87 260.76
sheep 334.27 226.53 369.02 257.25
sheep 174.58 220.88 200.68 248.59
sheep 231.06 215.69 255.04 244.01
sheep 285.63 216.33 307.3 244.22
sheep 394.71 221.27 424.68 232.79
sheep 450.31 224.76 489.57 259.64
person 538.54 207.98 566.19 297.84
sheep 574.43 231.64 622.53 265.04
sheep 459.53 226.15 502.62 258.35
sheep 411.21 228.67 455.33 259.27
sheep 394.16 230 413.63 256.02
sheep 165.34 211.18 188.81 235.67
sheep 349.88 209.58 373.37 220.25
sheep 143 209 411 261