tennis-racket 47.07 303.19 94.5 390.51
handbag 20.54 226.71 73.83 348.24
handbag 196.91 224.35 267.17 341.9
person 115.16 152.13 198.39 380.54
person 405.93 120.42 443.06 165.94
person 265.33 95.86 354.25 411.74
person 209.23 174.64 308.86 423.72
person 504.67 191.95 640.0 480.0
person 410.2 208.53 525.1 480.0
person 380.85 159.91 469.29 479.16
person 330.07 154.25 413.12 468.13
person 410.75 107.03 498.84 228.19
person 183.4 121.34 279.17 394.09
backpack 209.49 163.88 271.91 221.92
backpack 42.72 223.89 98.45 274.87
person 52.14 185.12 111.4 397.65
person 349.49 118.71 402.13 159.84
