person 60.05 332.85 68.46 359.18
person 51.7 335.03 60.39 357.61
person 296.97 346 302.09 352.53
car 76.71 335.76 108.07 358.37
car 461.26 325.22 503.96 351.79
car 509.66 327.79 541.0 344.34
car 435.25 329.92 463.83 346.21
boat 421.83 382.75 531.2 411.59
boat 0 514.71 119.01 564.8
boat 386.38 363.19 453.03 378.09
boat 40.27 392.63 205.66 447.28
person 117.2 330.83 127.92 347.65
boat 0 486.14 80.37 518.42
boat 118.31 388.25 201.36 401.86
boat 0 451.32 93.47 495.0
boat 348.05 351.54 388.89 359.25
boat 153.06 373.13 209.35 383.87
boat 226.26 344.71 248.63 351.34
boat 413.71 375.65 484.18 400.11
boat 126.36 380.47 200.31 391.25
motorbike 491.28 335.28 511.12 354.49
boat 334.4 347.48 353.5 356.02
car 0 336.23 41.78 362.42
car 160.34 323.62 181.73 342.68
boat 158 335 406 378