fire-hydrant 288.89 220.56 450.44 603.92
fire-hydrant 152.29 240.08 247.51 481.56
traffic-light 95.04 225.06 102.32 233.67
traffic-light 92.26 243.03 97.57 248.72
traffic-light 54.67 239.73 61.56 246.95
person 146.21 243.66 156.31 271.88
person 62.43 245.58 73.19 273.58
person 92.12 250.47 99.8 272.35
person 98.97 248.26 107.71 272.12
person 114.45 247.4 121.77 272.15
person 134.2 244.98 145.69 272.11
person 29.35 239.8 43.08 276.58
person 54.26 253.06 62.49 271.75
person 125.29 247.8 132.47 272.04
fire-hydrant 238.08 237.76 330.57 537.03
