bottle 473.17 127.41 492.1 187.99
chair 359.27 264.18 633.58 472.98
chair 47.29 276.52 272.41 471.83
diningtable 192.95 198.61 447.63 376.78
person 340.51 81.9 612.27 403.08
person 59.08 118.23 350.18 472.7
wine-glass 360.16 203.36 379.26 247.37
wine-glass 199.72 206.81 221.78 262.9
bowl 231.35 216.57 314.1 264.26
orange 275.78 203.06 293.38 212.19
orange 261.79 199.47 279.58 212.0
pizza 355.45 262.25 386.67 272.53
pizza 319.06 258.82 355.94 272.56
bottle 441.17 145.05 460.35 187.67
bowl 255.21 199.05 317.39 221.71
fork 263.6 248.1 313.02 264.7
orange 291.98 208.62 297.72 212.59
wine-glass 308.33 229.56 331.46 262.15
spoon 404.98 72.82 418.01 131.09
spoon 423.16 72.98 437.65 127.52
chair 322.5 203.43 366.77 238.4
