bottle 377.45 554.34 396.39 582.87
train 12.38 11 361.7 292.93
person 219.55 375.91 307.37 599.58
person 339.95 437.81 434.24 601.76
person 422.93 380.93 474.96 591.59
backpack 356.89 481.56 434.65 599.63
bench 516.04 475.87 598.63 600.26
backpack 467.36 433.11 516.33 575.69
backpack 284.23 476.65 315.22 541.17
backpack 228.82 429.74 275.08 458.42
tie 450.91 415.77 466.6 469.2
person 333.82 405.06 370.61 465.25
person 362.08 410.26 373.79 435.3
person 59.36 457.26 78.64 479.67
person 371.33 405.26 397.91 447.24
person 133.46 108 186.97 150.81
person 534.31 390.71 575.59 557.67