bottle 335.17 235.76 350.75 291.0
bottle 302.15 269.04 316.72 304.48
bottle 298.55 313.34 319.59 366.41
chair 366.79 207.19 514.87 328.33
chair 211.46 185.59 275.49 242.61
chair 1.27 234.27 174.43 429.07
chair 491.48 159.19 521.38 199.32
chair 376.91 171.92 460.67 244.94
chair 245.15 158.03 304.67 190.24
diningtable 224.93 259.5 383.14 475.82
person 366.43 192.66 508.93 343.73
person 294.41 172.94 359.98 272.35
person 71.74 188.84 256.35 349.19
person 387.48 208.5 576.36 359.36
person 374.37 200.81 626.29 446.98
person 0 372.13 196.31 472.45
person 345.95 269.73 638.92 471.89
wine-glass 95.62 360.28 130.61 444.92
wine-glass 479.35 314.35 528.93 406.77
wine-glass 453.87 282.46 482.68 342.61
wine-glass 318.41 245.62 332.74 268.39
wine-glass 140.59 236.54 161.35 268.64
person 169.54 168.64 248.99 265.59
wine-glass 216.34 206.6 225.97 215.59
chair 432.51 277.81 464.27 297.54
pottedplant 265.65 124.27 298.44 184.86
pottedplant 348.34 150.19 374.36 205.02
person 11.84 199.21 251.84 444.59
umbrella 346.94 2.07 407.88 250.78
chair 49.54 389.88 108.88 423.31
chair 217.89 164.72 281.08 216.51
chair 445.88 360.72 536.56 430.36
clock 493.9 397.3 508.18 413.3
bottle 305.89 254.58 318.52 280.76
chair 148.31 194.59 278.64 277.66
wine-glass 122.9 259.67 144.45 308.47
chair 271.44 189.98 299.82 225.52
chair 356 140 462 206
