chair 3.36 224.69 69.25 293.17
person 139.62 190.05 199.14 269.51
apple 109.41 306.66 142.17 343.46
apple 190.52 303.73 229.44 340.6
orange 99.66 263.12 142.02 292.77
orange 175.77 227.13 207.74 258.79
banana 11.48 309.39 39.14 328.71
banana 69.54 341.57 130.76 412.62
banana 219.48 370.06 248.13 424.63
banana 237.2 370.88 297.34 427.17
banana 40.86 302.5 78.13 333.56
banana 51.1 332.72 120.98 390.62
banana 155.99 324.76 190.92 380.32
banana 183.99 369.52 220.23 453.57
banana 255.47 355.5 335.99 439.43
banana 241.54 384.78 268.64 434.79
banana 207.98 386.91 240.72 453.76
banana 165.81 348.96 190.01 399.94
apple 73.74 288.97 101.21 311.26
diningtable 0 279.47 361.55 500.0
person 247.01 148.4 375.0 421.2
person 195.78 153.4 265.88 250.31
cup 316.85 443.85 353.98 484.73
carrot 151.43 299.02 201.67 338.43
carrot 30.97 292.24 51.08 311.46
banana 128.56 326.61 169.45 386.38
apple 136.78 287.24 170.89 325.46