person 238.46 46.17 415.2 270.13
person 252.91 171.89 273.1 222.86
skateboard 313.41 262.07 410.34 291.03
person 198.8 178.66 224.17 224.06
person 488.26 154.13 504.37 193.62
person 148.22 178.1 160.65 201.22
person 161.59 179.81 179.75 203.68
person 501.7 156.93 514.83 201.44
person 524 161.51 542.26 210.58
person 561.64 176.22 573.48 190.62
car 276.93 177.43 306.35 194.48
car 472.48 188.2 495.89 199.55
person 545.97 176.35 560.09 201.08
person 398.8 181.5 414.65 211.31
person 132.17 166.38 142.69 205.35
car 45.18 150.83 82.27 172.21
car 99.43 165.8 133.44 184.38
car 0.93 163.71 21.9 171.47
person 454.53 181.93 473.06 212.22
person 14 146 619 226