bicycle 449.5 191.75 499.47 243.69
car 154.69 181.13 198.86 219.85
motorbike 291.44 184.98 350.36 274.45
motorbike 194.7 197.58 231.33 262.7
motorbike 102.01 187.91 146.87 268.65
traffic-light 53.76 67.65 76.16 118.42
traffic-light 412.44 59.67 427.36 101.59
backpack 369.75 180.55 385.23 204.62
backpack 298.99 191.85 318.95 227.88
person 0 168.99 50.89 287.98
person 183.34 158.64 233.47 256.67
person 94.82 160.76 146.16 261.17
person 280.18 163.98 311.73 249.76
person 476.36 163.28 499.84 242.32
person 252.26 175.21 262.27 188.59
person 303.99 161.88 351.69 249.27
bicycle 361.86 201.96 386.13 251.33
fire-hydrant 430.21 210.13 445.94 234.78
handbag 0 231.37 21.44 264.82
person 352.32 164.99 391.07 232.85
person 278.4 174.98 290.1 210.64
person 180.84 173.85 186.26 181.98
motorbike 281.23 180.76 293.99 215.34
motorbike 251.88 185.82 261.67 203.24
handbag 128.68 203.97 140.81 213.31
