person 456.81 222.76 598.29 557.89
person 386.63 214.52 483.08 557.42
person 250.25 240.78 337.82 576.68
person 149.2 238.65 262.48 588.17
person 34.38 204.92 152.66 596.87
person 307.79 199.92 359.57 312.85
person 335.57 97.64 484.1 301.19
baseball-glove 556.26 386.22 591.88 440.06
baseball-glove 460.62 403.98 491.43 456.11
baseball-glove 375.86 411.33 415.6 473.82
baseball-glove 296.61 420.71 341.78 485.71
baseball-glove 148.42 346.66 208.68 406.93
baseball-glove 120 408.91 160.33 479.82
person 328.2 241.14 414.4 572.32
person 52.03 55.62 221.35 554.78
person 162.14 206.65 255.93 327.46
