chair 76.07 122.27 99.98 153.75
chair 98.01 131.03 118.35 155.82
kite 163.42 85.34 621.89 340.45
backpack 86.84 156.36 104.61 171.65
person 413.08 89.88 507.5 288.7
person 268.64 89.82 298.61 168.95
person 279.52 79.88 298.0 112.59
person 363.69 57.51 383.02 113.77
person 328.34 38.55 347.11 79.74
person 378.2 40.08 396.08 82.95
person 505.5 114.08 597.88 271.72
person 578.64 112.47 613.76 198.6
person 25.16 116.99 65.54 154.76
person 187.53 44.57 200.71 61.18
person 169.82 47.27 178.21 61.41
person 164.83 82.07 198.83 166.98
backpack 100.1 154.8 119.59 169.52
backpack 57.54 155.24 92.9 173.54
backpack 64.08 132.45 85.42 153.79
person 103.9 45.12 128.18 93.68
person 155 7 602 177