toothbrush 526.13 290.39 639.98 391.93
car 0 119.73 640 474.61
person 563.76 40.59 622.68 122.22
person 490.49 25.82 555.69 92.39
person 18.38 35.14 68.11 131.35
person 216.27 43.93 252.89 98.86
person 342.7 57.06 391.59 95.35
person 403.72 51.98 421.89 81.23
person 0.04 63.39 26.12 128.9
person 258.26 262.39 350.95 389.84
person 586.85 12.51 639.53 85.22
toothbrush 539.69 284.22 640.0 377.17
toothbrush 463.79 243.21 510.66 289.17
toothbrush 317 142.23 328.72 184.36
toothbrush 114.04 120.25 158.12 174.41
toothbrush 486.98 272.66 640.0 418.87
toothbrush 347.22 156.59 411.42 219.62
toothbrush 287.51 148.47 317.08 193.21
toothbrush 503.91 50.3 538.64 199.54
umbrella 486.97 0.25 639.46 24.67