laptop 270.44 139.94 555.7 324.25
mouse 428.32 246.83 497.62 261.86
book 217.09 58.4 311.41 136.34
book 460 65.73 482.37 86.88
book 483.53 72.22 500.18 129.73
book 542.44 63.57 598.47 128.74
keyboard 401.91 274.45 485.64 310.73
book 495.25 1.13 510.82 50.23
book 408.08 75.81 420.02 130.18
cell-phone 490.53 325.61 593.67 355.26
book 515.18 144.55 531.35 206.72
book 509.14 70.19 513.37 128.65
book 258.84 0 261.24 52.85
book 443.21 156.99 453.15 207.97
book 467.29 0.18 474.84 51.04
book 556.19 1.3 562.97 49.96
book 541.54 147.75 546.94 206.57
book 97 0 639 292
