train 100.31 166.11 585.71 474.61
person 518.9 341.68 573.77 479.5
person 563.3 326.05 604.78 451.34
person 461.59 320.88 490.4 400.18
person 592.18 338.7 640.0 474.61
person 520.37 323.09 539.71 350.2
person 545.26 329.34 562.43 375.5
person 485.96 318.91 516.92 407.05
person 586.95 319.82 596.47 341.02
cell-phone 624.09 355.77 627.54 362.29
person 599.4 329.57 616.15 345.94
handbag 575.93 350.51 590.94 366.73
handbag 578.02 426.28 599.32 461.39
cell-phone 571.06 366.82 579.43 371.33
person 514.72 334.47 547.79 450.45
