diningtable 7.19 321.92 480.0 632.57
person 96.36 2.97 353.8 309.31
person 400.99 105.84 468.37 226.84
person 18.92 69.91 73.02 133.47
cup 64.96 374.27 191.55 496.54
donut 255.24 412.06 367.79 513.45
donut 207.01 322.68 258.22 361.1
donut 158.37 207.87 225.51 264.34
cake 118.94 471.42 288.47 640.0
handbag 360.25 193.64 422.96 286.24
cup 100.2 277.5 162.99 380.04
donut 356.15 419.56 459.9 512.74
chair 442.09 202.98 480.0 386.74
person 443.66 108.91 480.0 204.08
donut 272.07 329.95 309.0 357.13
cake 270.96 327.48 310.86 357.4
chair 0 164.17 63.33 315.83
chair 387.86 179.02 425.17 345.43