tvmonitor 110.94 236.04 190.19 286.98
sofa 382.6 236.85 640.0 479.9
wine-glass 325.78 190.16 332.15 205.68
wine-glass 293.41 191.04 304.24 207.59
wine-glass 304.15 189.17 314.32 206.33
book 1.23 259.59 39.52 264.57
book 2.16 265.35 14.65 272.9
wine-glass 281.6 190.66 291.34 204.55
book 33.12 241.33 57.79 245.2
book 56.33 236.26 84.03 250.28
book 0.3 234.35 21.66 251.81
wine-glass 320.84 190.91 326.01 206.41
wine-glass 270.34 191.09 280.73 205.03
wine-glass 314.45 190.19 322.25 203.59
book 18.06 249.51 72.09 261.9
book 27.9 232.79 34.96 242.48
diningtable 0 232.3 93.63 309.33
