person 158.54 186.87 224.97 340.36
person 184.59 120.74 250.92 226.76
person 310.1 121.53 375.23 232.46
person 534.93 117.81 613.54 279.93
person 495.83 281.03 608.72 430.89
person 358.63 272.83 456.72 433.18
person 263.39 181.49 336.34 352.93
person 363.64 174.98 429.13 298.15
person 30.7 244.46 126.07 425.47
person 100.69 295.21 217.99 429.13
person 200.9 288.54 300.13 432.64
person 298.15 283.48 394.92 425.22
tie 463.89 327.97 479.19 354.42
tie 240.61 328.07 252.49 357.05
tie 77.45 295.14 86.91 319.29
tie 313.96 94.13 320.31 103.17
tie 70.55 98.77 77.48 120.3
tie 140.22 103.92 148.63 119.62
tie 162.7 343.48 174.0 370.6
tie 254.87 91.87 267.22 132.97
person 424.36 184.29 478.78 325.17
handbag 416.08 221.18 459.23 302.95
tie 196.76 70.33 570.27 129.35
tie 329.99 335.31 336.77 355.37
tie 543.15 338.96 551.86 380.78
person 38 19 635 433