dog 506.13 157.73 578.93 239.2
person 157.49 1.45 289.86 290.35
person 344.69 0 480.86 321.43
person 235.75 1.45 314.42 245.93
person 140.12 12.57 185.23 203.56
person 564.58 17.19 640.0 422.95
bicycle 463.66 58.45 524.76 151.3
bicycle 108.94 35.91 148.46 154.49
bicycle 1.78 81.08 46.91 160.54
bicycle 0 89.62 16.82 170.76
bicycle 0 10.82 107.41 100.5
skateboard 262.19 173.16 376.11 290.84
cup 531.52 0.18 587.68 64.85
handbag 455.67 64.31 480.42 123.06
handbag 282.99 56.37 309.16 126.01
bicycle 483.11 23.67 603.89 145.42
person 288.1 0.45 349.85 182.89
bicycle 334.76 48.96 365.2 157.71
bicycle 502.41 25 639.74 149.67
bicycle 1.01 258.41 279.61 422.94
bicycle 116.51 40.42 148.45 94.47
person 90.02 0 136.1 80.5
bicycle 15 5 128 157