diningtable 63.41 389.39 494.84 590.64
person 126.53 257.18 189.79 429.09
person 61.52 286.8 261.61 569.18
person 315.2 251.71 419.92 402.26
person 343.93 275.59 505.43 577.68
person 171.17 236.7 195.68 267.87
person 268.53 240.66 313.6 295.17
person 423.03 242.06 485.89 347.42
bench 59.96 484.97 135.99 522.75
bench 418.28 484.28 496.98 511.94
bowl 315.02 396.31 347.15 415.19
person 153.44 253.74 215.58 378.45
person 239.35 249.96 278.0 291.8
person 213.66 252.25 263.88 305.6
cup 315.83 372.99 337.13 397.39
cup 202.68 357.89 220.29 386.56
bowl 207.28 344.16 226.35 352.46
cell-phone 189.76 412.51 227.63 422.17
person 321.53 230.35 348.89 258.57
person 105.94 255.61 137.81 292.49
person 309.1 247.04 339.82 321.73
