motorbike 369.61 215.5 437.82 261.63
motorbike 244.39 209.32 345.34 261.85
bus 480.86 144.74 640.0 242.83
car 418.4 222.67 640.0 422.32
car 136.88 193.35 165.81 204.55
car 0.96 217.83 269.28 420.75
person 445.96 193.8 454.49 228.6
person 466.84 195.51 486.65 246.41
person 454.41 194.9 464.88 229.35
person 424.02 187.82 436.89 224.75
person 377.63 186.34 401.72 221.47
person 45.15 187.19 57.7 223.86
person 127.91 191.14 131.88 203.5
person 439.18 193.91 447.91 227.36
person 468.04 195 472.97 206.04
person 312.04 189.69 329.35 218.46
car 177.12 195.59 196.21 203.6
motorbike 342.2 204.1 387.17 256.17
motorbike 261.01 218.2 348.19 268.91
person 392.45 208.24 398.93 218.82
person 405.25 188.03 428.71 223.63
person 462.3 199.09 468.84 209.28