baseball-bat 370.57 245.97 585.91 344.16
baseball-bat 366.49 290.52 572.86 384.81
baseball-bat 389.96 232.09 605.55 319.77
baseball-bat 66.93 212.5 420.99 334.02
baseball-bat 319.68 421.92 519.84 560.16
baseball-bat 327.65 436.63 541.27 593.96
baseball-bat 37.44 260.64 276.48 506.88
baseball-bat 46.19 6.5 362.29 75.78
baseball-bat 73.27 102.64 393.38 178.77
baseball-bat 56.16 128.79 409.23 214.92
vase 511.83 57.56 581.81 152.25
baseball-bat 56.57 37.32 385.71 102.48
chair 6.36 14.31 612.0 610.41
baseball-bat 373.88 322.28 560.91 415.45
baseball-bat 58.66 61.83 399.54 137.94
baseball-bat 6 62 599 601
