car 46.87 230.53 150.57 299.18
bus 161.58 112.24 434.73 304.6
bus 423.18 122.63 639.56 307.28
traffic-light 134.46 85.26 148.48 117.35
traffic-light 9.45 75.09 26.58 109.9
traffic-light 115.09 135.89 124.81 155.94
traffic-light 75.39 174.7 83.2 191.53
traffic-light 20.27 178.82 26.15 190.66
traffic-light 40.16 142.3 48.05 160.61
car 48.41 222.66 76.96 243.19
truck 129.92 213.86 162.19 264.37
car 5.41 220.75 56.83 262.22
car 0 226.2 11.27 252.38
bus 119.25 204.99 161.5 232.32
traffic-light 36.43 190.61 41.77 196.76
traffic-light 52.93 186.05 60.93 193.05
traffic-light 62.9 185.8 70.97 193.78
traffic-light 47.17 99.3 77.41 110.54
traffic-light 66.83 146.88 72.02 158.21
