bottle 196.39 162.1 409.23 245.1
bottle 0 237.88 89.45 480.0
bottle 247.34 420.24 277.98 479.65
person 365.92 2.28 619.91 231.52
person 0 0 397.04 451.69
person 428.53 133.74 640.0 480.0
wine-glass 406.86 176.34 469.71 307.15
wine-glass 346.08 184.81 390.18 295.94
person 290.39 76.91 329.42 128.33
person 269.73 78.37 286.18 101.02
handbag 566.29 199.55 639.64 350.56
tie 461.46 89.81 487.32 159.64
wine-glass 130.66 343.88 178.8 421.41
cup 297.8 419.65 348.36 465.01
person 0 72.27 49.62 210.34
bowl 309.19 441.35 497.45 473.77
bottle 241.07 333.32 266.87 480.0
