train 222.92 45.17 406.56 368.26
train 377.1 0 640.0 431.11
person 16.69 274.08 68.74 413.53
person 38.95 226.42 95.8 306.35
person 52.15 214.58 98.56 290.17
person 105.02 187.29 138.93 295.99
person 164.99 137.05 186.2 206.21
train 0 39.57 89.67 112.34
handbag 133.01 227.87 143.74 243.1
handbag 253.93 79.77 258.32 94.38
person 204.41 130.35 233.37 212.78
person 102.63 214.17 127.39 261.87
person 21.14 237.41 88.21 316.23
person 189.33 147.36 210.61 203.44
handbag 16.51 361.08 50.5 414.68
handbag 78.16 253.84 97.33 270.84
person 350.27 182.02 382.19 214.2
bench 0 308.32 16.54 325.02
handbag 31.17 253.93 60.12 276.92
person 97.09 230.6 133.8 347.07