person 139.63 200.73 182.82 295.57
person 178.92 194.2 216.96 299.19
person 274.87 195.44 319.87 308.11
person 314.89 161.31 366.74 308.2
person 455.02 151.51 498.73 313.71
person 324.08 257.19 450.1 389.57
person 318.45 185.93 342.79 294.19
person 361.56 187.69 368.08 202.45
backpack 197.04 202.28 222.81 245.39
handbag 595.19 332.48 625.73 359.17
person 389.41 232.47 440.83 297.83
backpack 278.36 268.95 307.54 307.08
backpack 346.86 302.68 412.53 381.61
backpack 511.58 332.09 618.09 389.69
backpack 159.4 207.13 172.24 211.84
skis 172.14 293.65 202.55 306.76
skis 214.58 284.28 273.7 312.24
skis 512.11 281.73 540.44 304.13
handbag 555.82 306.27 591.34 341.04
skis 125.56 284.01 191.94 303.38
skis 63.58 318.86 203.93 344.99
skis 6.2 344.93 157.52 394.54