bottle 12.46 158.67 29.02 209.6
chair 531.5 206.6 619.54 256.52
person 333.68 51.59 458.49 382.25
person 161.63 40.98 291.89 373.75
person 314.7 114.55 356.8 164.98
person 439.65 72.95 486.11 232.69
person 206.8 77.79 279.88 333.99
wine-glass 291.55 172.98 304.59 206.94
wine-glass 272.24 155.99 288.48 185.52
cake 414.47 230.69 493.92 281.42
microwave 258.68 95.9 303.9 129.53
sink 24.66 181.35 128.98 193.87
wine-glass 262.95 161.03 281.22 203.79
wine-glass 324.27 162.69 343.24 207.52
cup 300.95 190.43 319.32 204.74
refrigerator 304.59 70.52 400.33 162.39
diningtable 374.63 251.8 640.0 420.63
