bottle 274.01 238.65 320.89 306.02
bottle 219.63 280.27 275.63 460.82
bottle 175.82 252.61 220.98 409.64
bottle 138.94 260.65 189.0 438.46
sofa 549.16 110.74 640.0 210.87
person 265.35 2.16 581.68 480.0
person 348.21 3.64 406.55 392.62
wine-glass 250.94 357.89 305.85 474.57
wine-glass 281.99 425.05 337.65 479.4
wine-glass 303.45 245.05 330.0 310.43
wine-glass 141.13 413.75 196.64 480.0
person 86.47 28.17 161.6 172.31
wine-glass 251.46 260.79 275.18 325.44
wine-glass 164.13 271.1 185.39 331.44
wine-glass 202.96 288.38 216.47 302.72
person 580.58 246.92 640.0 469.96
diningtable 0 246.87 377.5 473.13
person 315.72 153.23 393.22 284.18
