car 147.37 354.57 174.09 371.88
car 210.85 358.7 221.24 366.24
car 375.63 355.21 389.84 367.48
car 100.92 351.92 135.74 373.08
car 577.57 336.36 639.85 381.55
car 223.61 357.77 233.19 365.31
car 139.52 357.17 151.39 371.37
truck 455.3 341.82 507.43 376.78
truck 336.5 345.26 365.71 371.44
truck 28.23 339.06 91.64 377.37
truck 173.11 353.14 189.56 368.37
truck 312.09 353.3 327.73 366.03
truck 576.69 336.8 639.06 381.9
truck 100.72 350.59 135.23 373.18
traffic-light 291.43 200.09 305.21 229.57
traffic-light 269.4 188.12 281.69 224.49
traffic-light 292.55 229.69 300.56 250.68
traffic-light 353.87 211.61 362.41 240.0
traffic-light 364.77 213.23 376.63 240.79
traffic-light 443.79 227.53 453.35 256.7
traffic-light 476.52 240.07 486.88 265.21
traffic-light 509.48 250.99 521.03 271.6
traffic-light 204.3 210.47 215.85 236.38
traffic-light 50.53 186.36 68.23 219.94
traffic-light 69.36 187.5 82.59 217.26
car 241.89 358.69 253.87 366.61
car 231.9 358.03 238.52 364.21
traffic-light 252 343 314 356
