bowl 338.4 75.31 479.93 131.49
donut 304.03 172.06 338.17 202.38
donut 316.78 134.67 348.44 165.92
donut 346.8 137.9 381.86 171.08
donut 380.6 138.71 415.58 168.87
donut 415.93 139.84 447.47 170.25
donut 405.35 175.28 434.99 208.34
donut 370.07 173.4 406.98 205.63
donut 335.79 171.53 370.33 204.01
donut 276.46 209.89 314.43 226.83
donut 294.15 198.78 328.06 217.5
donut 235.82 330.6 297.28 368.64
donut 327.79 203.07 362.78 221.78
donut 204.82 369.06 270.46 411.66
person 237.3 1.44 418.52 132.31
donut 14 116 469 460