tvmonitor 95.01 299.88 188.04 390.93
chair 195.1 310.71 389.16 464.52
sofa 0.23 291.19 71.53 480.0
book 434.54 217.84 441.3 251.39
book 344.66 214.74 349.98 243.77
book 358.1 213.22 363.76 245.04
book 425.68 220.68 430.03 249.97
book 417.73 219.36 424.56 248.89
book 429.56 217.84 435.44 250.56
book 478.17 219.36 494.4 253.79
bottle 471.73 376.2 485.29 423.82
pottedplant 386.84 126.37 509.78 228.51
book 449.29 268.32 497.12 314.04
book 440.26 219.66 444.63 248.95
book 469.84 219.63 478.28 252.87
book 354.62 309.54 369.88 338.12
book 380.14 216.14 383.43 247.24
bottle 481.73 381.44 490.71 427.03
book 389.99 317.36 407.49 351.89
book 111 88 563 418