person 307.04 40.09 468.92 269.39
person 138.81 55.15 259.62 268.16
person 3.23 73.41 114.56 275.1
cake 238.8 300.11 364.65 350.93
cake 432.9 324.8 457.13 346.92
cake 296.07 258.16 389.66 297.69
person 127.7 153.51 142.12 181.31
bench 285.54 177.58 309.53 202.33
bowl 261.09 264.67 304.4 284.05
cake 483.24 325.12 505.02 354.16
cake 377.61 317.06 402.0 342.83
cake 424.12 284.67 442.73 300.34
cake 404.11 319.79 428.42 344.25
cake 442.45 287.38 469.79 305.22
cake 388.16 279.66 413.2 302.32
chair 108.05 183.95 141.34 222.12
chair 106.13 183.56 136.57 205.74
chair 101.83 179.13 135.46 203.85
chair 104.07 177.99 133.26 182.62
cake 426.77 275.28 447.59 291.17
cake 414.43 275.12 425.48 282.44
cake 454.06 323.21 483.79 351.06
diningtable 285.02 178.2 308.7 202.4
diningtable 247.59 213.94 560.82 280.69
bowl 248.7 246.49 290.02 261.65
bowl 212.38 289.91 255.39 323.74
cake 403.4 284.07 424.07 302.06
diningtable 126.09 160.72 147.09 166.53
diningtable 111.91 306.18 258.73 354.52
cake 216 260 503 330