bench 169.23 77.8 344.07 121.68
person 341.06 201.85 436.84 341.76
person 33.21 302.95 110.68 472.84
person 246.01 275.02 369.03 415.41
person 281.56 268.56 410.17 449.31
person 291.89 21.08 335.14 78.38
person 539.48 200.43 612.95 369.8
person 440.08 116.8 527.41 260.47
person 206.59 148.47 335.18 290.51
person 27.27 35.02 94.11 196.58
person 64.64 3.98 128.25 136.76
person 391.55 289.08 515.6 427.15
person 202.73 9.21 248.29 57.74
tie 298.92 41.29 314.88 73.22
tie 366.21 51.36 375.92 78.11
tie 412.07 13.22 419.79 31.82
tie 271.02 43.43 276.72 62.85
tie 222.67 30.06 227.78 46.19
sports-ball 330.08 289.77 351.25 311.71
chair 173.67 55.48 220.53 114.56
chair 255.01 67.03 299.37 114.71
chair 226.02 63.2 271.74 123.15
chair 285.4 73.37 327.78 110.83
chair 312.56 76.81 354.81 121.88
chair 324.26 27.93 341.49 43.37
chair 354.68 32.57 369.74 48.02
chair 380.19 37.59 401.65 54.56
chair 158.79 36.7 173.03 84.01
chair 204.05 58.72 246.39 122.56
chair 525.48 11.94 558.26 43.15
person 473.07 89.8 509.59 150.66
tie 103.61 12.63 108.18 20.18
chair 511.69 8.17 529.6 40.19
chair 478.23 69.12 500.46 92.02
person 0 0 626 183
