cell-phone 237.93 157.65 251.61 164.49
person 135.6 111.72 298.56 278.29
person 134.25 116.11 249.78 208.01
bicycle 0.17 146.88 132.32 248.6
person 149.55 131.95 197.69 272.02
chair 247.01 135.84 356.19 287.69
chair 320.79 135.93 385.44 301.28
chair 344.59 133.08 416.7 309.73
chair 444.26 135.91 640.0 354.22
chair 388.19 124.87 507.11 298.15
chair 417.74 126.79 563.39 326.7
chair 533.95 139.8 591.58 194.89
chair 561.12 216.76 640.0 377.14
chair 204.67 185.16 237.54 282.22
chair 526.58 198.97 640.0 357.57
bench 322.78 128.16 469.36 298.57
bench 448.26 137.01 637.81 348.02
person 2.9 77 113.55 202.28
bench 560.62 216.98 640.0 373.09
bench 529.2 199.31 639.16 359.35
chair 294.79 181.19 334.13 294.44
chair 226.56 183.86 258.27 282.41
chair 375.28 125.97 476.22 196.17
