diningtable 2.75 354.59 612.0 600.77
person 199.98 8.44 511.06 388.41
fork 319.88 327.46 395.32 349.22
person 165.3 50.67 200.02 93.17
person 38.24 14.11 117.48 200.07
person 135.21 45.43 165.57 79.31
cup 559.86 306.82 612.0 461.88
knife 243.64 331.46 320.66 366.61
pizza 297.47 415.47 436.69 583.97
pizza 431.84 424.73 585.87 533.38
pizza 2.75 456.59 259.93 603.75
chair 0 151.28 90.77 357.57
chair 157.51 103.04 228.15 218.1
person 122.01 63.6 170.8 173.54
person 90.45 69.12 140.98 127.79
person 259.61 102.29 481.7 222.62
person 156.06 78.62 217.6 153.2
chair 78.78 121.03 162.56 289.5
diningtable 131.06 105.18 162.01 121.19
person 0 0 62.57 323.31
chair 104.58 108.6 121.68 130.03
chair 250.47 247.97 523.12 368.53