pottedplant 581.1 219.85 621.82 250.09
bird 5.63 361.5 61.0 408.59
person 325.52 64.15 531.36 375.3
person 236.05 71.97 401.09 370.39
person 245.64 0.8 403.01 142.81
person 175.6 0 261.96 210.14
person 103.86 0.48 183.69 211.1
person 509.51 17.24 555.81 129.81
bench 165.36 107.23 560.15 366.76
handbag 251.51 177.3 331.16 210.89
bird 168.18 344.72 235.14 380.26
pottedplant 15.68 216.05 187.18 249.01
backpack 534.22 54.56 544.99 94.8
handbag 372.32 141.78 483.16 239.56
handbag 97.23 103.65 129.78 136.79
handbag 200.24 23.27 239.73 84.74