person 350.33 489.44 423.52 620.09
person 274.22 175.3 375.37 314.69
person 183.43 88.45 210.68 164.41
person 373.41 42.55 399.84 110.7
person 73.81 430.91 104.44 481.02
person 178.63 402.41 202.25 435.83
person 373.8 357.41 398.63 425.47
person 104.88 374.93 125.62 437.14
person 453.25 344.14 476.79 426.06
person 2.42 372.78 29.96 444.44
surfboard 182.31 111.53 193.77 147.74
person 457.35 27.33 478.92 97.8
person 416.93 37.46 436.56 97.59
bicycle 257.42 69.94 277.96 97.93
bicycle 257.55 382.78 281.12 412.55
bicycle 242.9 73.98 269.08 92.64
bicycle 328.9 383.35 353.55 408.87
bicycle 323.07 74.92 337.62 90.33
person 189.51 119.69 249.35 324.16
surfboard 307.53 503.69 420.57 631.69
surfboard 172.85 423.73 225.09 469.43
surfboard 135.71 176.81 200.11 281.0
surfboard 54.97 135.28 120.81 149.03
surfboard 260.58 298.93 363.82 325.91
surfboard 56.07 451.9 117.67 460.44
person 2 10 481 448