chair 110.94 164.6 116.61 182.16
chair 139.19 163.44 152.03 183.46
chair 97.28 163.57 103.78 183.54
chair 79.65 161.98 98.17 187.36
person 95.46 0.54 228.13 234.07
person 269.66 1.62 320.0 237.3
person 22.61 154.97 36.17 189.91
person 119.49 157.71 135.3 174.81
chair 154.67 163.5 162.87 184.89
chair 40.72 164.68 54.7 186.18
chair 121.89 163.22 134.97 182.74
chair 157.98 163.32 165.89 180.15
pottedplant 19.73 81.88 42.39 104.75
suitcase 161.45 119.06 246.23 219.43
chair 10.62 163.04 26.19 185.06
chair 103.79 163.73 109.51 183.82
diningtable 81.97 166.21 93.91 169.19
diningtable 16.76 167.25 29.68 169.89
diningtable 115.94 165 127.16 168.45
diningtable 47.91 166.87 54.01 168.73
diningtable 0 167.08 6.45 175.3
chair 109.2 165.97 112.46 181.4