sports-ball 174.29 160.88 182.49 165.41
chair 208.49 329.55 238.78 370.96
chair 180.62 327.44 209.11 370.16
tennis-racket 186.59 219.38 213.77 233.67
tennis-racket 461.78 188.22 486.91 203.35
person 205.39 198.33 240.82 283.01
person 454.62 158.66 498.37 210.72
person 486.31 63.94 505.8 94.12
person 456.54 49.36 472.22 75.87
person 562.66 458.43 584.28 480.0
person 72.14 219.86 111.48 292.96
person 257.7 88.02 273.09 108.6
person 19.39 321.08 47.24 376.41
person 230.48 86.4 251.61 108.86
person 236.95 45.36 252.89 75.61
person 250.62 45.27 266.76 71.02
bench 0 446.16 182.4 479.56
bench 214.8 99.81 230.59 108.27
bench 155.88 102.85 169.97 109.29
bench 124.66 102.92 140.18 109.94
person 553.8 430.65 579.96 458.15
bench 25.54 76.78 52.24 84.11
backpack 229.74 352.17 262.84 375.71
suitcase 155.64 350.64 182.49 376.77
suitcase 214.16 341.16 235.66 347.39
person 195.26 47.76 212.91 75.58
bench 10.54 82.3 24.24 91.04
bench 50.69 62.5 65.02 76.35
sports-ball 229.04 346.69 231.25 348.42
person 1 0 633 445
