tennis-racket 324.13 92.53 380.05 133.5
person 370.13 137.99 393.37 157.27
person 196.74 127.91 217.25 155.69
person 149.09 110.66 167.08 140.56
person 148.41 67.03 166.09 84.7
person 242.84 63.05 346.27 273.98
person 151.95 80.25 164.45 96.91
person 508.79 130.8 544.38 190.44
person 399.48 129.43 417.71 155.34
person 361.97 131.44 374.02 157.67
person 335.63 126.8 362.8 156.46
person 460.36 121.79 484.12 155.42
person 457.54 109.32 474.12 134.46
chair 229.32 144.32 246.9 160.64
chair 65.01 130.83 79.66 149.25
person 480.24 110.02 498.94 130.89
chair 514.44 168.36 526.56 191.47
person 1 0 639 405
