person 330.58 326.71 356.79 398.36
person 361.42 330.96 390.63 400.14
person 575.46 206.26 584.96 214.49
surfboard 315.85 338.44 358.19 372.86
surfboard 363.8 339.2 405.34 378.0
person 589.47 210.64 594.52 215.51
person 513.25 223.61 516.32 230.72
person 623.44 215.84 626.22 223.37
person 583.34 207.82 586.12 217.1
person 569.03 228.66 571.91 234.25
person 613.48 217.24 620.35 223.7
person 561.62 230.55 564.21 236.24
person 170.62 256.44 174.72 260.22
person 76.7 240.81 83.61 258.56
person 86.1 259.64 90.56 265.91
person 7 204 584 269