bus 312.83 66.01 480.0 311.39
backpack 162.47 199.25 174.21 217.91
car 4.5 198.23 134.31 276.11
person 240.27 195.14 255.35 258.41
person 189.77 196.22 215.66 266.52
person 173.39 190.83 196.24 250.04
person 181.94 180.76 198.09 243.75
person 154.81 190.75 177.91 255.01
person 311.09 200.6 338.64 277.02
person 268.01 205.38 273.98 230.34
person 197.88 186.4 228.24 258.03
person 36.68 180.68 52.29 199.7
person 11.78 184.89 25.91 217.25
car 110.7 169.77 122.82 175.6
handbag 211.17 223.86 227.03 247.37
person 290.03 201.46 311.02 277.05
handbag 188.32 218.64 196.14 234.4
person 251.5 201.08 281.2 271.57