chair 0.60 167.33 107.03 189.39 124.59
chair 0.58 71.21 139.45 89.24 154.18
chair 0.49 134.21 136.46 154.28 150.44
chair 0.47 102.60 134.08 120.12 153.45
chair 0.47 262.93 159.06 282.38 173.54
chair 0.42 198.18 134.20 215.91 154.07
person 0.87 189.38 158.86 234.00 262.90
person 0.67 170.59 157.84 187.82 179.02
person 0.67 100.90 158.68 120.73 180.14
person 0.66 263.20 135.79 280.98 157.58
person 0.65 389.53 158.59 410.40 179.91
person 0.60 38.72 156.50 58.77 177.19
person 0.58 8.38 157.46 27.00 181.81
person 0.57 295.06 102.77 312.89 125.42
person 0.55 70.13 158.81 90.16 176.90