person 0.87 189.37 180.65 229.84 254.86
person 0.79 64.37 167.09 104.88 244.70
person 0.70 167.71 103.58 184.41 123.92
person 0.69 71.55 97.73 87.44 121.51
person 0.68 42.11 96.90 58.39 122.64
person 0.62 330.48 141.54 344.59 159.83
person 0.61 119.60 189.17 157.73 247.98
person 0.56 230.39 170.90 245.28 190.30
person 0.54 102.68 99.95 117.85 117.46
person 0.52 393.48 161.86 408.39 198.45
person 0.50 266.14 135.89 281.05 153.91
person 0.49 295.00 164.99 313.50 191.97
person 0.46 58.89 88.41 353.80 200.97
person 0.41 201.56 137.75 214.33 152.48
person 0.40 11.06 77.34 26.58 100.26
baseball-glove 0.56 128.83 228.48 146.82 244.82
