person 0.90 66.77 149.33 106.19 228.33
person 0.89 199.69 172.34 229.30 238.47
person 0.77 299.70 116.84 306.61 129.22
person 0.77 164.60 142.96 178.85 164.83
person 0.76 322.85 155.17 354.96 243.72
person 0.66 114.07 86.35 119.05 98.54
person 0.65 174.69 108.32 182.65 119.69
person 0.58 404.91 136.27 415.36 161.07
person 0.53 72.69 103.61 78.90 114.64
person 0.45 237.47 116.48 246.64 125.10
person 0.41 134.24 102.10 141.23 111.37
skis 0.53 59.35 212.98 108.83 222.49
skis 0.51 156.94 163.87 176.07 175.61
skis 0.46 271.28 131.75 283.47 139.43