person 0.86 24.00 251.30 70.22 360.86
person 0.76 62.13 62.60 95.91 140.98
person 0.72 25.76 68.19 70.38 168.54
person 0.69 284.97 125.53 323.92 210.78
person 0.64 182.14 237.71 238.60 307.08
person 0.60 245.62 182.96 282.40 238.91
person 0.56 352.35 176.78 393.02 262.61
person 0.56 91.52 38.72 388.74 183.53
person 0.55 10.56 61.21 28.14 90.24
person 0.50 152.05 58.05 196.62 98.87
person 0.43 40.32 51.41 55.62 69.10
chair 0.42 165.99 100.02 186.10 117.02
tennis-racket 0.53 164.11 167.43 186.87 195.07
