person 0.91 159.38 48.12 267.05 358.89
person 0.77 126.95 130.15 164.41 159.43
person 0.76 253.82 109.67 301.03 165.47
person 0.62 189.19 4.26 229.77 50.21
person 0.56 255.48 45.97 293.65 106.53
person 0.53 225.49 79.97 267.24 144.82
person 0.51 221.77 17.56 262.01 72.06
person 0.50 105.65 34.02 131.35 68.69
chair 0.72 126.55 64.50 164.60 90.93
chair 0.70 132.66 98.33 161.05 127.76
chair 0.66 161.53 39.00 192.59 59.46
chair 0.46 225.89 33.97 256.14 60.63
baseball-glove 0.43 232.14 127.92 258.91 157.78
