person 0.84 101.91 129.32 124.01 159.98
person 0.84 121.21 160.29 165.61 296.51
person 0.83 69.98 137.48 92.26 163.00
person 0.74 262.19 100.45 282.12 127.42
person 0.70 -1.81 41.44 355.66 179.09
person 0.66 292.88 132.01 316.53 156.76
person 0.56 70.45 103.17 89.10 124.16
person 0.55 132.59 101.54 151.29 128.49
person 0.53 293.06 65.84 313.85 82.65
person 0.51 390.33 67.42 407.19 90.77
person 0.50 -38.33 73.28 328.69 204.61
person 0.45 197.55 130.06 221.95 154.12
person 0.44 392.42 98.49 408.30 125.95
person 0.43 40.22 68.56 57.93 91.34
chair 0.64 325.40 106.70 347.02 121.68
chair 0.63 263.87 68.64 281.55 81.37
chair 0.59 356.03 134.70 377.40 158.09