person 0.85 326.23 39.56 354.45 116.20
person 0.80 27.05 45.38 62.45 113.87
person 0.78 199.92 38.53 218.08 68.10
person 0.78 147.97 53.76 200.54 158.41
person 0.70 295.57 35.94 316.12 74.54
person 0.64 184.74 52.90 287.48 235.77
person 0.63 219.69 43.49 261.45 102.54
person 0.62 128.25 40.39 165.09 112.04
person 0.60 72.56 53.59 139.09 245.24
person 0.53 91.74 48.38 138.13 111.23
person 0.53 7.63 40.63 38.08 114.18
person 0.42 57.48 55.27 101.97 115.65
car 0.59 376.84 37.91 413.50 101.08
pottedplant 0.53 274.62 120.84 398.54 240.18