person 0.91 202.23 174.54 251.23 248.82
person 0.86 125.39 174.81 171.29 260.98
person 0.85 231.07 98.12 248.57 122.47
person 0.80 135.19 99.45 153.88 127.67
person 0.79 38.70 123.02 56.57 143.51
person 0.76 103.65 100.10 121.73 131.55
person 0.74 359.46 76.72 375.85 101.47
person 0.73 70.75 124.06 88.80 141.73
person 0.73 294.75 93.96 312.60 113.85
person 0.65 9.76 125.07 26.28 148.95
person 0.52 167.26 76.74 185.11 102.46
baseball-bat 0.43 206.34 172.63 220.31 194.99
baseball-glove 0.53 204.76 202.09 216.17 213.98
