person 0.76 178.64 135.30 230.81 205.70
person 0.74 255.56 74.72 287.05 146.57
person 0.64 128.55 72.69 163.47 140.12
person 0.60 218.23 113.32 256.84 169.83
person 0.56 26.56 73.22 138.30 213.43
person 0.53 286.06 139.74 326.84 211.46
person 0.50 121.51 168.39 165.18 241.73
person 0.50 150.97 111.29 200.07 178.92
person 0.45 1.27 89.92 39.81 190.95
person 0.45 91.74 198.48 139.19 272.68
person 0.41 190.28 80.44 223.63 137.78
pizza 0.48 265.13 170.02 275.06 181.73
pizza 0.43 204.33 169.59 217.95 184.65