broccoli 0.85 157.27 100.59 249.72 188.37
broccoli 0.47 144.34 213.43 202.93 273.64
broccoli 0.44 248.33 167.71 288.75 246.47
broccoli 0.41 50.13 147.49 119.23 219.27
carrot 0.73 199.90 240.50 281.57 294.21
carrot 0.73 273.10 135.67 335.71 221.08
carrot 0.60 184.86 167.91 240.55 248.86
carrot 0.51 296.21 235.88 316.58 254.99
carrot 0.51 117.01 135.19 168.06 219.04
carrot 0.47 217.77 85.21 272.86 132.57
carrot 0.46 84.82 110.22 143.02 175.83
carrot 0.46 78.79 209.85 139.43 266.08
bowl 0.66 -8.25 47.85 356.57 368.50