person 0.80 103.09 97.37 121.26 132.35
person 0.79 286.96 121.66 333.31 177.56
person 0.76 66.62 94.66 88.38 134.84
person 0.65 5.51 99.38 21.48 134.60
person 0.59 202.93 103.94 231.35 149.21
person 0.57 41.14 97.05 63.44 131.08
person 0.55 85.84 126.14 136.45 212.47
horse 0.47 334.08 123.79 412.47 281.75
elephant 0.83 113.61 115.49 176.90 185.95
elephant 0.73 175.66 151.48 310.45 313.97
elephant 0.71 89.30 163.08 196.24 307.04
elephant 0.67 2.95 126.04 47.18 234.96
elephant 0.61 181.13 133.35 234.12 202.72
elephant 0.48 229.09 123.39 306.04 171.82
elephant 0.42 341.83 129.89 402.88 228.10