sports-ball 0.42 299.14 77.03 315.22 94.29
person 0.85 225.36 187.11 269.98 241.08
person 0.85 68.92 163.74 90.44 188.74
person 0.83 145.55 214.64 219.69 308.81
person 0.82 38.47 162.84 59.46 188.35
person 0.82 102.88 165.97 122.07 188.23
person 0.72 171.12 164.50 188.34 187.73
person 0.64 264.36 136.90 280.92 156.87
person 0.61 8.33 158.32 26.27 189.64
person 0.54 201.46 136.74 215.90 158.59
person 0.54 130.81 137.48 148.73 154.25
person 0.52 -12.99 67.93 365.68 220.43
person 0.45 233.12 105.66 247.99 128.78
person 0.44 296.84 104.71 314.34 127.30
person 0.42 394.61 157.95 409.86 192.16
person 0.41 357.02 133.86 375.60 157.14
