person 0.75 283.08 102.29 317.63 181.21
person 0.74 318.89 150.06 357.55 257.93
person 0.70 85.33 220.28 135.54 324.52
person 0.60 213.52 220.36 269.32 328.02
person 0.60 121.27 224.78 171.58 320.16
person 0.59 280.77 200.88 319.05 278.42
person 0.55 160.40 133.70 192.69 220.71
person 0.52 63.43 139.34 94.85 221.96
person 0.51 341.95 237.51 396.67 317.82
person 0.50 253.91 132.48 288.28 220.26
person 0.50 94.91 137.47 128.17 216.46
person 0.44 22.62 103.60 64.17 197.50
person 0.44 55.41 191.65 98.91 295.48
person 0.41 189.17 163.86 223.31 259.15
person 0.40 124.42 107.68 160.56 177.33