person 0.90 202.94 19.29 266.48 123.22
person 0.74 79.23 52.69 138.86 170.70
person 0.67 117.78 56.39 174.35 160.02
person 0.46 149.05 48.71 204.79 124.38
person 0.43 69.71 32.51 108.75 258.11
wine-glass 0.40 199.70 130.09 218.48 157.54
cup 0.59 266.78 102.44 278.19 124.72
spoon 0.60 150.01 209.98 199.20 274.45
spoon 0.58 90.74 228.23 184.64 311.99
bowl 0.58 236.02 128.58 302.67 162.49
bowl 0.41 84.95 217.57 267.89 332.46
bowl 0.41 172.92 266.75 242.10 338.82
pizza 0.52 73.53 244.11 173.40 310.24
