person 0.83 284.48 72.77 326.11 128.89
person 0.81 170.19 128.10 251.23 305.35
person 0.64 124.04 74.76 164.16 131.55
person 0.63 255.14 53.58 288.59 112.62
person 0.63 157.38 83.67 195.10 140.51
person 0.57 94.06 53.78 129.25 112.42
person 0.45 63.75 69.04 97.96 142.89
person 0.44 253.55 13.68 290.11 81.51
chair 0.63 261.91 98.13 285.01 122.62
chair 0.52 261.36 69.38 283.89 99.09
chair 0.41 103.10 98.87 125.32 123.01
sports-ball 0.72 66.82 97.89 85.21 118.05
pottedplant 0.47 260.21 126.84 282.47 143.28
