person 0.78 89.55 81.75 135.99 150.25
person 0.76 58.49 87.89 101.11 147.58
person 0.73 24.49 85.76 70.21 149.35
person 0.72 329.96 84.45 413.33 329.81
person 0.71 283.61 76.34 330.19 129.74
person 0.56 4.64 86.25 39.83 150.03
person 0.54 208.19 71.78 270.99 143.99
person 0.50 151.82 74.71 197.63 140.07
person 0.44 380.16 71.81 408.94 144.58
person 0.41 4.59 92.01 19.80 135.50
sports-ball 0.43 125.92 291.58 155.15 311.69
tennis-racket 0.56 202.97 255.07 286.65 304.45
backpack 0.49 175.39 214.71 243.96 276.29
backpack 0.46 246.99 204.65 342.47 275.11
chair 0.50 80.51 168.18 127.78 260.62
