person 0.87 215.77 97.45 250.48 188.99
person 0.80 171.06 160.86 235.35 240.40
person 0.78 91.00 97.64 132.30 181.24
person 0.78 171.99 104.64 185.38 132.74
person 0.76 342.99 140.35 383.30 220.74
person 0.69 309.09 112.38 349.60 170.68
person 0.64 -1.12 101.61 45.50 198.96
person 0.62 124.61 104.77 158.99 167.14
person 0.50 283.29 157.10 328.43 257.34
chair 0.55 233.69 162.75 251.36 187.78
chair 0.49 343.26 158.29 388.67 244.54
tie 0.49 114.04 111.96 119.59 123.91
tie 0.42 294.69 193.02 305.06 220.00