book 0.89 362.52 45.91 375.67 93.77
book 0.85 72.11 116.60 85.94 180.75
book 0.85 103.82 117.82 120.35 180.97
book 0.76 140.96 56.01 149.73 80.38
book 0.76 76.91 58.93 84.21 81.78
book 0.75 139.46 108.81 152.51 180.72
book 0.74 266.97 48.94 280.35 85.89
book 0.61 201.83 52.85 213.85 86.69
book 0.61 108.89 57.87 116.82 80.99
book 0.60 169.54 102.27 181.99 141.36
book 0.59 53.64 57.60 61.70 85.19
book 0.52 354.90 121.76 372.84 170.22
book 0.44 258.79 108.77 285.46 181.47
cat 0.70 143.94 148.13 264.17 252.84
cat 0.59 9.24 143.80 278.54 277.99