person 0.91 119.37 148.54 213.83 268.12
person 0.85 234.50 140.07 264.57 224.82
person 0.85 60.86 166.27 101.06 229.07
person 0.73 288.37 166.75 325.69 224.83
person 0.70 94.44 171.08 130.01 230.59
person 0.70 382.88 144.23 408.70 222.84
person 0.69 166.91 98.37 184.71 129.73
person 0.62 104.83 101.85 120.11 124.79
person 0.59 39.70 195.97 63.09 219.50
person 0.50 -4.59 71.55 291.19 205.60
person 0.50 1.25 178.12 48.01 244.44
person 0.49 74.53 103.18 89.88 124.71
person 0.43 225.45 101.20 242.62 133.58