person 0.66 9.86 237.21 23.60 294.94
person 0.40 41.18 227.44 54.81 303.39
traffic-light 0.81 308.39 96.08 319.80 119.70
traffic-light 0.67 238.50 136.59 245.22 147.83
traffic-light 0.50 70.78 79.82 87.47 106.05
traffic-light 0.46 171.96 129.46 182.94 145.92
traffic-light 0.43 76.90 172.45 87.97 192.69
traffic-light 0.42 397.89 216.24 407.73 250.21
traffic-light 0.41 102.18 168.17 114.13 191.95
car 0.50 153.89 225.52 211.68 272.42
car 0.49 227.56 200.86 251.47 219.44
car 0.45 292.01 163.91 309.22 180.71
