person 0.86 196.51 127.39 219.43 154.32
person 0.82 139.63 157.70 212.13 310.20
person 0.81 68.40 101.71 91.21 132.76
person 0.80 165.32 102.48 187.60 133.71
person 0.77 37.63 101.95 59.21 132.67
person 0.74 102.35 103.74 122.90 133.43
person 0.73 291.10 128.69 316.65 152.97
person 0.70 259.67 98.93 285.64 136.09
person 0.68 4.99 122.63 24.20 152.40
person 0.67 134.44 125.93 155.49 149.97
person 0.60 -19.41 101.72 365.60 182.32
person 0.54 347.72 173.90 389.06 235.54
tennis-racket 0.49 219.99 192.38 256.09 215.27
tennis-racket 0.40 136.96 156.60 162.06 182.67
