person 0.88 289.17 89.79 336.76 203.49
person 0.87 8.37 140.87 90.11 414.05
person 0.81 115.06 28.97 164.94 133.72
person 0.78 209.24 67.14 258.58 156.48
person 0.72 318.51 115.16 398.84 375.83
person 0.69 159.23 43.94 208.33 121.71
person 0.61 78.83 96.01 130.74 195.48
person 0.61 183.36 95.50 233.97 183.45
person 0.60 249.52 151.80 301.43 267.87
person 0.59 146.82 111.94 204.62 239.41
person 0.56 22.55 38.82 71.89 109.42
person 0.54 202.08 165.83 276.95 385.99
person 0.53 32.42 154.17 121.86 397.38
person 0.45 56.77 24.55 103.81 83.60
person 0.41 -0.21 23.64 38.55 88.24
person 0.40 69.33 169.29 155.26 378.55