person 0.96 157.36 127.04 193.74 224.30
person 0.89 62.34 119.33 106.66 219.29
person 0.85 351.15 143.16 383.95 228.49
person 0.81 93.65 127.91 138.79 216.47
person 0.75 253.30 117.40 341.35 362.28
person 0.72 18.75 132.39 64.74 217.05
person 0.48 198.05 134.59 218.30 158.87
person 0.41 3.56 131.19 40.30 218.37
umbrella 0.79 219.68 64.29 389.53 119.26
umbrella 0.78 90.21 110.11 186.62 132.90
umbrella 0.74 342.06 136.33 392.57 158.09
umbrella 0.47 0.13 122.31 44.44 169.34
handbag 0.52 361.08 158.29 377.40 190.96