person 0.77 83.26 148.74 126.93 272.05
person 0.76 214.67 108.41 307.49 312.81
person 0.73 21.87 146.91 73.73 267.12
person 0.68 1.58 151.95 34.90 260.98
person 0.66 130.16 96.03 157.54 125.51
person 0.65 389.78 88.62 413.10 128.18
person 0.60 290.64 191.95 333.50 286.21
person 0.59 248.96 80.80 300.12 134.78
person 0.58 338.49 66.43 389.95 113.46
person 0.52 183.85 118.95 231.02 171.73
person 0.48 185.76 193.73 226.83 268.95
person 0.44 66.97 95.51 93.82 125.43
baseball-bat 0.54 280.47 78.55 329.09 131.95
baseball-bat 0.41 242.83 105.12 300.17 170.16
