person 0.75 318.27 106.00 356.07 180.64
person 0.74 93.12 153.78 129.11 266.16
person 0.74 114.51 236.04 174.20 322.37
person 0.72 346.14 189.53 394.06 298.35
person 0.70 127.65 155.42 163.19 265.63
person 0.66 347.20 142.08 386.58 210.18
person 0.66 185.02 160.66 223.71 260.91
person 0.65 -0.15 159.72 36.70 306.15
person 0.64 96.82 104.93 134.21 183.31
person 0.63 156.50 124.80 192.21 230.27
person 0.62 52.47 103.02 92.55 190.71
person 0.58 176.23 239.60 238.18 311.17
person 0.57 254.95 131.91 289.00 219.95
person 0.54 57.90 193.97 101.36 289.16
person 0.46 23.87 182.49 73.84 292.49
person 0.45 256.26 193.01 296.61 294.94